# Exported Field Information Data (generated by VirtualLab 7.6.1.18)
# Precision:	Double Precision
# Format of Complex Numbers:	Real Part / Imaginary Part
# Number of Data Points:	(100; 100)
# Sampling Distance [mm]:	(0.0001; 0.0001)
# Wavelength [mm]:	0.00050000000000000001
# Embedding Material:	Vacuum
# Complex Refractive Index:	1
# Globally Polarized Harmonic Field
# Jones Vector: (1; 0)
0	0	0	0	0	0	0	0	0	0	0	0	0	0	0	0	0	0	0	0	0	0	0	0	0	0	0	0	0	0	0	0	0	0	0	0	0	0	0	0	0	0	0	0	0	0	0	0	0	0	0	0	0	0	0	0	0	0	0	0	0	0	0	0	0	0	0	0	0	0	0	0	0	0	0	0	0	0	0	0	0	0	0	0	0	0	0	0	0	0	0	0	0	0	0	0	0	0	0	0
0	0	0	0	0	0	0	0	0	0	0	0	0	0	0	0	0	0	0	0	0	0	0	0	0	0	0	0	0	0	0	0	0	0	0	0	0	0	0	0	0	0	0	4.9406564584124654E-323	3.141405991832574E-314	6.263662284983036E-307	4.6517229198215472E-301	1.4833076232370202E-296	2.2640954631691656E-293	1.7860613220038227E-291	7.6214814369811824E-291	1.7860613220038227E-291	2.2640954631691656E-293	1.4833076232370202E-296	4.6517229198215472E-301	6.263662284983036E-307	3.141405991832574E-314	4.9406564584124654E-323	0	0	0	0	0	0	0	0	0	0	0	0	0	0	0	0	0	0	0	0	0	0	0	0	0	0	0	0	0	0	0	0	0	0	0	0	0	0	0	0	0	0
0	0	0	0	0	0	0	0	0	0	0	0	0	0	0	0	0	0	0	0	0	0	0	0	0	0	0	0	0	0	0	0	0	0	0	0	0	0	4.9406564584124654E-323	1.3768705102411337E-307	5.2524902670461792E-294	3.8897104028817272E-282	7.6090924296416948E-272	5.1272090917898839E-263	1.4923272083610933E-255	2.2695588546731268E-249	2.1098224204878814E-244	1.3592677681802976E-240	6.6800569971918457E-238	2.6793641645400996E-236	9.1309905331019322E-236	2.6793641645400996E-236	6.6800569971918457E-238	1.3592677681802976E-240	2.1098224204878814E-244	2.2695588546731268E-249	1.4923272083610933E-255	5.1272090917898839E-263	7.6090924296416948E-272	3.8897104028817272E-282	5.2524902670461792E-294	1.3768705102411337E-307	4.9406564584124654E-323	0	0	0	0	0	0	0	0	0	0	0	0	0	0	0	0	0	0	0	0	0	0	0	0	0	0	0	0	0	0	0	0	0	0	0	0	0
0	0	0	0	0	0	0	0	0	0	0	0	0	0	0	0	0	0	0	0	0	0	0	0	0	0	0	0	0	0	0	0	0	0	0	6.7092401582020891E-315	6.45907036021996E-296	4.4534178613104915E-279	3.5173673901937239E-264	4.8078675057699638E-251	1.6323427094750563E-239	1.8861851999377E-229	9.7463125645943764E-221	2.8482800113762105E-213	5.7501403804361082E-207	9.4859167445983237E-202	1.4684171702261648E-197	2.3823946119010676E-194	4.4079510733102788E-192	9.8705780552547048E-191	2.7712800666794047E-190	9.8705780552547048E-191	4.4079510733102788E-192	2.3823946119010676E-194	1.4684171702261648E-197	9.4859167445983237E-202	5.7501403804361082E-207	2.8482800113762105E-213	9.7463125645943764E-221	1.8861851999377E-229	1.6323427094750563E-239	4.8078675057699638E-251	3.5173673901937239E-264	4.4534178613104915E-279	6.45907036021996E-296	6.7092401582020891E-315	0	0	0	0	0	0	0	0	0	0	0	0	0	0	0	0	0	0	0	0	0	0	0	0	0	0	0	0	0	0	0	0	0	0
0	0	0	0	0	0	0	0	0	0	0	0	0	0	0	0	0	0	0	0	0	0	0	0	0	0	0	0	0	0	0	0	2.6402868113756215E-320	3.3977117615888159E-297	1.1926521995758844E-276	2.1061447909825394E-258	3.2116522281961924E-242	6.8067455367062277E-228	3.0468136835668251E-215	4.1570798068502944E-204	2.3823946119010676E-194	7.5803069302248929E-186	1.7047069931926134E-178	3.3338836513612192E-172	6.7633248537520705E-167	1.6500536208361681E-162	5.4673329015768123E-159	2.711290854184766E-156	2.167097940085463E-154	2.9412569739483489E-153	6.9919217871318305E-153	2.9412569739483489E-153	2.167097940085463E-154	2.711290854184766E-156	5.4673329015768123E-159	1.6500536208361681E-162	6.7633248537520705E-167	3.3338836513612192E-172	1.7047069931926134E-178	7.5803069302248929E-186	2.3823946119010676E-194	4.1570798068502944E-204	3.0468136835668251E-215	6.8067455367062277E-228	3.2116522281961924E-242	2.1061447909825394E-258	1.1926521995758844E-276	3.3977117615888159E-297	2.6402868113756215E-320	0	0	0	0	0	0	0	0	0	0	0	0	0	0	0	0	0	0	0	0	0	0	0	0	0	0	0	0	0	0	0
0	0	0	0	0	0	0	0	0	0	0	0	0	0	0	0	0	0	0	0	0	0	0	0	0	0	0	0	0	0	1.470587092780894E-311	1.8302685320332343E-286	3.5173673901937239E-264	2.1098224204907597E-244	7.3528364939549107E-227	2.5751873100897958E-211	1.4684171702253301E-197	2.0834185175813904E-185	1.067028320260372E-174	2.7316802437199332E-165	4.6434263250353954E-157	6.7062781079733573E-150	1.0182208783594012E-143	1.9508138195643895E-138	5.5071225905304689E-134	2.6082513390141397E-130	2.3056707799528235E-127	4.1420637754186452E-125	1.6134983117222776E-123	1.4264651257403446E-122	2.9407517078902404E-122	1.4264651257403446E-122	1.6134983117222776E-123	4.1420637754186452E-125	2.3056707799528235E-127	2.6082513390141397E-130	5.5071225905304689E-134	1.9508138195643895E-138	1.0182208783594012E-143	6.7062781079733573E-150	4.6434263250353954E-157	2.7316802437199332E-165	1.067028320260372E-174	2.0834185175813904E-185	1.4684171702253301E-197	2.5751873100897958E-211	7.3528364939549107E-227	2.1098224204907597E-244	3.5173673901937239E-264	1.8302685320332343E-286	1.470587092780894E-311	0	0	0	0	0	0	0	0	0	0	0	0	0	0	0	0	0	0	0	0	0	0	0	0	0	0	0	0	0
0	0	0	0	0	0	0	0	0	0	0	0	0	0	0	0	0	0	0	0	0	0	0	0	0	0	0	0	1.4397885971814092E-309	3.8897104028848227E-282	7.8631023813814602E-258	2.6793641645400996E-236	3.1515042154207982E-217	2.4072377724961467E-200	2.0834185175813904E-185	3.3338836513595139E-172	1.5165427635391758E-160	2.8597240494499125E-150	3.1099214817595574E-141	2.602024560631547E-133	2.1525088221100445E-126	2.1880549406737775E-120	3.2963285046964404E-115	8.6399109987607523E-111	4.5136214422495588E-107	5.2655019746591586E-104	1.5057096724033107E-101	1.1368356953964825E-99	2.3981682415098563E-98	1.4708149937055132E-97	2.6852490707841E-97	1.4708149937055132E-97	2.3981682415098563E-98	1.1368356953964825E-99	1.5057096724033107E-101	5.2655019746591586E-104	4.5136214422495588E-107	8.6399109987607523E-111	3.2963285046964404E-115	2.1880549406737775E-120	2.1525088221100445E-126	2.602024560631547E-133	3.1099214817595574E-141	2.8597240494499125E-150	1.5165427635391758E-160	3.3338836513595139E-172	2.0834185175813904E-185	2.4072377724961467E-200	3.1515042154207982E-217	2.6793641645400996E-236	7.8631023813814602E-258	3.8897104028848227E-282	1.4397885971814092E-309	0	0	0	0	0	0	0	0	0	0	0	0	0	0	0	0	0	0	0	0	0	0	0	0	0	0	0
0	0	0	0	0	0	0	0	0	0	0	0	0	0	0	0	0	0	0	0	0	0	0	0	0	0	3.141405991832574E-314	5.518027388103053E-284	2.9287547899517974E-257	1.2045980590198226E-233	8.8104166967990975E-213	2.3823946118984946E-194	4.5365875357816678E-178	1.072145861186198E-163	5.17374302954659E-151	7.8905715966390668E-140	5.5771792459276259E-130	2.5536594910956994E-121	1.0146946430416132E-113	4.5136214422495588E-107	2.8038352438032996E-101	2.9447635441176277E-96	6.1637337218204281E-92	2.9589792189006609E-88	3.6691090641218437E-85	1.2977513982190922E-82	1.4201326016712436E-80	5.1294077496407205E-79	6.4235845084021333E-78	2.8871546715575883E-77	4.7539034670210894E-77	2.8871546715575883E-77	6.4235845084021333E-78	5.1294077496407205E-79	1.4201326016712436E-80	1.2977513982190922E-82	3.6691090641218437E-85	2.9589792189006609E-88	6.1637337218204281E-92	2.9447635441176277E-96	2.8038352438032996E-101	4.5136214422495588E-107	1.0146946430416132E-113	2.5536594910956994E-121	5.5771792459276259E-130	7.8905715966390668E-140	5.17374302954659E-151	1.072145861186198E-163	4.5365875357816678E-178	2.3823946118984946E-194	8.8104166967990975E-213	1.2045980590198226E-233	2.9287547899517974E-257	5.518027388103053E-284	3.141405991832574E-314	0	0	0	0	0	0	0	0	0	0	0	0	0	0	0	0	0	0	0	0	0	0	0	0	0
0	0	0	0	0	0	0	0	0	0	0	0	0	0	0	0	0	0	0	0	0	0	0	0	0	4.175022902729011E-292	1.950602044319747E-262	2.6793641645400996E-236	2.8482800113745916E-213	5.4942772871391736E-193	4.0697912710264458E-175	2.2371126667909752E-159	1.6273487794442019E-145	2.602024560631547E-133	1.4264651257393716E-122	3.9564448857484934E-113	7.8004456248451624E-105	1.4708149937046353E-97	3.4342626247203372E-91	1.2428859404448414E-85	8.4680913112988728E-81	1.2845178459536767E-76	5.0097569094552071E-73	5.6794764594362908E-70	2.075949661931567E-67	2.6671445106969465E-65	1.2926129269555743E-63	2.4995673820598006E-62	2.0126247632927768E-61	6.9528814306282343E-61	1.0490123407133565E-60	6.9528814306282343E-61	2.0126247632927768E-61	2.4995673820598006E-62	1.2926129269555743E-63	2.6671445106969465E-65	2.075949661931567E-67	5.6794764594362908E-70	5.0097569094552071E-73	1.2845178459536767E-76	8.4680913112988728E-81	1.2428859404448414E-85	3.4342626247203372E-91	1.4708149937046353E-97	7.8004456248451624E-105	3.9564448857484934E-113	1.4264651257393716E-122	2.602024560631547E-133	1.6273487794442019E-145	2.2371126667909752E-159	4.0697912710264458E-175	5.4942772871391736E-193	2.8482800113745916E-213	2.6793641645400996E-236	1.950602044319747E-262	4.175022902729011E-292	0	0	0	0	0	0	0	0	0	0	0	0	0	0	0	0	0	0	0	0	0	0	0	0
0	0	0	0	0	0	0	0	0	0	0	0	0	0	0	0	0	0	0	0	0	0	0	6.263662284983036E-307	1.2230248493459626E-273	2.1098224204878814E-244	9.9976461188420147E-219	3.530256260312004E-196	2.2331798050795446E-176	5.4673329015718402E-159	1.018220878358533E-143	2.6082513390122125E-130	1.5435775489250709E-118	3.3219441257182244E-108	3.8644144951720752E-99	3.4342626247203372E-91	3.1518952393536094E-84	3.8835290263471289E-78	8.0675785203199483E-73	3.4423368659557224E-68	3.5778312137692512E-64	1.0490123407133565E-60	9.838133105727539E-58	3.2842375066543522E-55	4.2703400085265455E-53	2.3309624902169645E-51	5.6783162245473017E-50	6.480445803751682E-49	3.5949924028367888E-48	9.9476970731654702E-48	1.394214727062218E-47	9.9476970731654702E-48	3.5949924028367888E-48	6.480445803751682E-49	5.6783162245473017E-50	2.3309624902169645E-51	4.2703400085265455E-53	3.2842375066543522E-55	9.838133105727539E-58	1.0490123407133565E-60	3.5778312137692512E-64	3.4423368659557224E-68	8.0675785203199483E-73	3.8835290263471289E-78	3.1518952393536094E-84	3.4342626247203372E-91	3.8644144951720752E-99	3.3219441257182244E-108	1.5435775489250709E-118	2.6082513390122125E-130	1.018220878358533E-143	5.4673329015718402E-159	2.2331798050795446E-176	3.530256260312004E-196	9.9976461188420147E-219	2.1098224204878814E-244	1.2230248493459626E-273	6.263662284983036E-307	0	0	0	0	0	0	0	0	0	0	0	0	0	0	0	0	0	0	0	0	0	0
0	0	0	0	0	0	0	0	0	0	0	0	0	0	0	0	0	0	0	0	0	0	1.786061322005041E-291	2.1061447909825394E-258	1.8861851999377E-229	4.1570798068526577E-204	6.3326427095262337E-182	1.6500536208361681E-162	1.6273487794454968E-145	1.2178963516049196E-130	1.2710341224291954E-117	3.1483734634173983E-106	2.9447635441193014E-96	1.5592876771719668E-87	6.6517855063353886E-80	3.1075292888330234E-73	2.0759496619319801E-67	2.4995673820602976E-62	6.6284403449913993E-58	4.6033188525598004E-54	9.7194953422214463E-51	7.0916728174175198E-48	1.9947650194643193E-45	2.3734581419995218E-43	1.291550852195977E-41	3.429411838984294E-40	4.684237948288875E-39	3.4319976706496471E-38	1.3922692451603301E-37	3.1975730642203795E-37	4.2126484134087307E-37	3.1975730642203795E-37	1.3922692451603301E-37	3.4319976706496471E-38	4.684237948288875E-39	3.429411838984294E-40	1.291550852195977E-41	2.3734581419995218E-43	1.9947650194643193E-45	7.0916728174175198E-48	9.7194953422214463E-51	4.6033188525598004E-54	6.6284403449913993E-58	2.4995673820602976E-62	2.0759496619319801E-67	3.1075292888330234E-73	6.6517855063353886E-80	1.5592876771719668E-87	2.9447635441193014E-96	3.1483734634173983E-106	1.2710341224291954E-117	1.2178963516049196E-130	1.6273487794454968E-145	1.6500536208361681E-162	6.3326427095262337E-182	4.1570798068526577E-204	1.8861851999377E-229	2.1061447909825394E-258	1.786061322005041E-291	0	0	0	0	0	0	0	0	0	0	0	0	0	0	0	0	0	0	0	0	0
0	0	0	0	0	0	0	0	0	0	0	0	0	0	0	0	0	0	0	0	6.4333310460875604E-317	4.4534178613104915E-279	4.7539227961281302E-246	3.1515042154207982E-217	4.4079510733102788E-192	3.801832229740066E-170	5.17374302954659E-151	2.5275742078077605E-134	9.0944047429593794E-120	4.5136214422495588E-107	5.3414774726043149E-96	2.4283595089236458E-86	6.4235845084021333E-78	1.4184898093688471E-70	3.5778312137692512E-64	1.3529241127593661E-58	9.7075528466756029E-54	1.6204425901907174E-49	7.5033969262335843E-46	1.1215228496587331E-42	6.1635408458398865E-40	1.3922692451601522E-37	1.421395038740153E-35	7.1071988114165312E-34	1.8618531390771697E-32	2.7021199970161358E-31	2.2735364556171155E-30	1.1496014218023702E-29	3.5896993179789742E-29	7.055114523890586E-29	8.8263136865450737E-29	7.055114523890586E-29	3.5896993179789742E-29	1.1496014218023702E-29	2.2735364556171155E-30	2.7021199970161358E-31	1.8618531390771697E-32	7.1071988114165312E-34	1.421395038740153E-35	1.3922692451601522E-37	6.1635408458398865E-40	1.1215228496587331E-42	7.5033969262335843E-46	1.6204425901907174E-49	9.7075528466756029E-54	1.3529241127593661E-58	3.5778312137692512E-64	1.4184898093688471E-70	6.4235845084021333E-78	2.4283595089236458E-86	5.3414774726043149E-96	4.5136214422495588E-107	9.0944047429593794E-120	2.5275742078077605E-134	5.17374302954659E-151	3.801832229740066E-170	4.4079510733102788E-192	3.1515042154207982E-217	4.7539227961281302E-246	4.4534178613104915E-279	6.4333310460875604E-317	0	0	0	0	0	0	0	0	0	0	0	0	0	0	0	0	0	0	0
0	0	0	0	0	0	0	0	0	0	0	0	0	0	0	0	0	0	0	1.3768705102411337E-307	1.8134662161392072E-269	2.6793641645400996E-236	1.9056801045370962E-207	2.3395413815662971E-182	1.5165427635405552E-160	1.3800461940430735E-141	4.1420637754186452E-125	8.6399109987607523E-111	2.3981682415098563E-98	1.5592876771719668E-87	3.883529026348895E-78	5.6794764594362908E-70	7.0657084096450856E-63	1.0310970886251104E-56	2.3309624902176933E-51	1.0382670430548833E-46	1.1215228496587331E-42	3.5138863825160561E-39	3.7253247786072497E-36	1.5254569123520685E-33	2.7021199970161358E-31	2.2807185414234405E-29	9.9579578124827538E-28	2.4105028420372402E-26	3.4282811327458662E-25	3.0053770873290504E-24	1.6884146399116604E-23	6.2685946531354989E-23	1.5742242279060033E-22	2.7178444478139575E-22	3.2569942297516865E-22	2.7178444478139575E-22	1.5742242279060033E-22	6.2685946531354989E-23	1.6884146399116604E-23	3.0053770873290504E-24	3.4282811327458662E-25	2.4105028420372402E-26	9.9579578124827538E-28	2.2807185414234405E-29	2.7021199970161358E-31	1.5254569123520685E-33	3.7253247786072497E-36	3.5138863825160561E-39	1.1215228496587331E-42	1.0382670430548833E-46	2.3309624902176933E-51	1.0310970886251104E-56	7.0657084096450856E-63	5.6794764594362908E-70	3.883529026348895E-78	1.5592876771719668E-87	2.3981682415098563E-98	8.6399109987607523E-111	4.1420637754186452E-125	1.3800461940430735E-141	1.5165427635405552E-160	2.3395413815662971E-182	1.9056801045370962E-207	2.6793641645400996E-236	1.8134662161392072E-269	1.3768705102411337E-307	0	0	0	0	0	0	0	0	0	0	0	0	0	0	0	0	0	0
0	0	0	0	0	0	0	0	0	0	0	0	0	0	0	0	0	0	4.6517229198215472E-301	1.950602044319747E-262	6.2466723635226625E-229	7.0455857602828664E-200	1.067028320260372E-174	6.9919217871318305E-153	5.5071225905304689E-134	1.2710341224283284E-117	1.868003194237148E-103	3.4342626247221919E-91	1.4201326016712436E-80	2.197864831814517E-71	1.9794452923132632E-63	1.520316741435487E-56	1.3858537498783724E-50	1.9947650194643193E-45	5.8001815444315848E-41	4.2126484134087307E-37	9.1740742256330822E-34	7.0084604421465982E-31	2.1487961856205124E-28	2.9669580411229254E-26	2.0355225634575764E-24	7.5442337975943782E-23	1.6213999377119081E-21	2.1448169483953674E-20	1.8353549685308402E-19	1.0585038180404667E-18	4.2533990260794385E-18	1.2224405683924337E-17	2.5630316086425952E-17	3.9747507099985605E-17	4.5966131806900169E-17	3.9747507099985605E-17	2.5630316086425952E-17	1.2224405683924337E-17	4.2533990260794385E-18	1.0585038180404667E-18	1.8353549685308402E-19	2.1448169483953674E-20	1.6213999377119081E-21	7.5442337975943782E-23	2.0355225634575764E-24	2.9669580411229254E-26	2.1487961856205124E-28	7.0084604421465982E-31	9.1740742256330822E-34	4.2126484134087307E-37	5.8001815444315848E-41	1.9947650194643193E-45	1.3858537498783724E-50	1.520316741435487E-56	1.9794452923132632E-63	2.197864831814517E-71	1.4201326016712436E-80	3.4342626247221919E-91	1.868003194237148E-103	1.2710341224283284E-117	5.5071225905304689E-134	6.9919217871318305E-153	1.067028320260372E-174	7.0455857602828664E-200	6.2466723635226625E-229	1.950602044319747E-262	4.6517229198215472E-301	0	0	0	0	0	0	0	0	0	0	0	0	0	0	0	0	0
0	0	0	0	0	0	0	0	0	0	0	0	0	0	0	0	0	3.3977117615888159E-297	7.8631023813814602E-258	8.7993741343018957E-224	2.3823946118984946E-194	6.3783853267677006E-169	5.7734038275402256E-147	5.1607206718670785E-128	1.1585565953731908E-111	1.4708149937046353E-97	2.136766105900117E-85	6.5465148683437331E-75	7.1825705879500512E-66	4.4616705570865021E-58	2.3309624902169645E-51	1.4411324452753069E-45	1.415224488570562E-40	2.8439886417246104E-36	1.4541336798358006E-32	2.2807185414234405E-29	1.2881467527670624E-26	3.0053770873290504E-24	3.2569942297514321E-22	1.8120238874806913E-20	5.6349793735522984E-19	1.0527578153304776E-17	1.255776768952744E-16	1.0065321735788166E-15	5.6563008198651678E-15	2.3078370784617876E-14	7.0325230282168404E-14	1.636445895763931E-13	2.9569815710831216E-13	4.1978096224293909E-13	4.7143034128424703E-13	4.1978096224293909E-13	2.9569815710831216E-13	1.636445895763931E-13	7.0325230282168404E-14	2.3078370784617876E-14	5.6563008198651678E-15	1.0065321735788166E-15	1.255776768952744E-16	1.0527578153304776E-17	5.6349793735522984E-19	1.8120238874806913E-20	3.2569942297514321E-22	3.0053770873290504E-24	1.2881467527670624E-26	2.2807185414234405E-29	1.4541336798358006E-32	2.8439886417246104E-36	1.415224488570562E-40	1.4411324452753069E-45	2.3309624902169645E-51	4.4616705570865021E-58	7.1825705879500512E-66	6.5465148683437331E-75	2.136766105900117E-85	1.4708149937046353E-97	1.1585565953731908E-111	5.1607206718670785E-128	5.7734038275402256E-147	6.3783853267677006E-169	2.3823946118984946E-194	8.7993741343018957E-224	7.8631023813814602E-258	3.3977117615888159E-297	0	0	0	0	0	0	0	0	0	0	0	0	0	0	0	0
0	0	0	0	0	0	0	0	0	0	0	0	0	0	0	0	6.4590703602148199E-296	1.4923272083610933E-255	9.7463125645943764E-221	9.8705780552496551E-191	6.8556684204863666E-165	1.1941824426423902E-142	1.6134983117217274E-123	4.5136214422495588E-107	6.131180340475474E-93	8.4680913112988728E-81	2.2548499832965307E-70	2.0126247632927768E-61	9.7075528466756029E-54	3.8190680008945552E-47	1.7468257890270972E-41	1.2599567984191089E-36	1.8618531390771697E-32	7.055114523890586E-29	8.3085803889574689E-26	3.584513232953253E-23	6.5194709369597951E-21	5.6349793735522984E-19	2.5630316086425952E-17	6.689879440444326E-16	1.078363141247108E-14	1.1421457315629609E-13	8.3740437966296145E-13	4.4396020532688394E-12	1.7646415223335935E-11	5.4169209338028502E-11	1.3152660865949357E-10	2.5738925291443921E-10	4.1173039833610041E-10	5.4368778916817341E-10	5.9609820351749889E-10	5.4368778916817341E-10	4.1173039833610041E-10	2.5738925291443921E-10	1.3152660865949357E-10	5.4169209338028502E-11	1.7646415223335935E-11	4.4396020532688394E-12	8.3740437966296145E-13	1.1421457315629609E-13	1.078363141247108E-14	6.689879440444326E-16	2.5630316086425952E-17	5.6349793735522984E-19	6.5194709369597951E-21	3.584513232953253E-23	8.3085803889574689E-26	7.055114523890586E-29	1.8618531390771697E-32	1.2599567984191089E-36	1.7468257890270972E-41	3.8190680008945552E-47	9.7075528466756029E-54	2.0126247632927768E-61	2.2548499832965307E-70	8.4680913112988728E-81	6.131180340475474E-93	4.5136214422495588E-107	1.6134983117217274E-123	1.1941824426423902E-142	6.8556684204863666E-165	9.8705780552496551E-191	9.7463125645943764E-221	1.4923272083610933E-255	6.4590703602148199E-296	0	0	0	0	0	0	0	0	0	0	0	0	0	0	0
0	0	0	0	0	0	0	0	0	0	0	0	0	0	0	3.3977117615888159E-297	1.4923272083610933E-255	9.9132428706058854E-220	6.0620343793258598E-189	1.6500536208346675E-162	7.8905715966390668E-140	2.1880549406745235E-120	9.92435544888889E-104	1.8092751921662377E-89	2.8871546715575883E-77	7.9019930312635061E-67	6.6284403449913993E-58	2.8101247272018768E-50	9.259353946819666E-44	3.4319976706492081E-38	1.9650565252919816E-33	2.2807185414234405E-29	6.7700062150492647E-26	6.2685946531354989E-23	2.1448169483953674E-20	3.132772935197265E-18	2.2085421992883477E-16	8.3407713829371443E-15	1.8434241902080611E-13	2.5695022970647456E-12	2.4060020365131773E-11	1.5960082322340051E-10	7.8414357697648918E-10	2.9612996311562284E-09	8.8635766966760242E-09	2.1560452873552928E-08	4.3488656585459475E-08	7.3894824622998488E-08	1.070321176817136E-07	1.3324510410227669E-07	1.432622415557024E-07	1.3324510410227669E-07	1.070321176817136E-07	7.3894824622998488E-08	4.3488656585459475E-08	2.1560452873552928E-08	8.8635766966760242E-09	2.9612996311562284E-09	7.8414357697648918E-10	1.5960082322340051E-10	2.4060020365131773E-11	2.5695022970647456E-12	1.8434241902080611E-13	8.3407713829371443E-15	2.2085421992883477E-16	3.132772935197265E-18	2.1448169483953674E-20	6.2685946531354989E-23	6.7700062150492647E-26	2.2807185414234405E-29	1.9650565252919816E-33	3.4319976706492081E-38	9.259353946819666E-44	2.8101247272018768E-50	6.6284403449913993E-58	7.9019930312635061E-67	2.8871546715575883E-77	1.8092751921662377E-89	9.92435544888889E-104	2.1880549406745235E-120	7.8905715966390668E-140	1.6500536208346675E-162	6.0620343793258598E-189	9.9132428706058854E-220	1.4923272083610933E-255	3.3977117615888159E-297	0	0	0	0	0	0	0	0	0	0	0	0	0	0
0	0	0	0	0	0	0	0	0	0	0	0	0	0	4.6517229198215472E-301	7.8631023813814602E-258	9.7463125645943764E-221	6.0620343793258598E-189	1.0119117205721878E-161	1.9508138195643895E-138	1.5435775489250709E-118	1.5057096724033107E-101	4.6931520703518981E-87	1.0647313969404847E-74	3.5778312137706748E-64	3.2842375066543522E-55	1.394214727062218E-47	4.3017616670772427E-41	1.421395038740153E-35	7.0084604421465982E-31	6.8472334210504147E-27	1.6884146399116604E-23	1.2913887485371088E-20	3.6511835876189501E-18	4.4292882562690845E-16	2.6161649342897677E-14	8.374043796629971E-13	1.5902830942841542E-11	1.9341229843020462E-10	1.6067004474718186E-09	9.6235175825145077E-09	4.3488656585459475E-08	1.5399151972551905E-07	4.4089699244019781E-07	1.0474478240876253E-06	2.1087997205104804E-06	3.6591524044828568E-06	5.5449445944523705E-06	7.4109956165206619E-06	8.7962348146964703E-06	9.3091645511027921E-06	8.7962348146964703E-06	7.4109956165206619E-06	5.5449445944523705E-06	3.6591524044828568E-06	2.1087997205104804E-06	1.0474478240876253E-06	4.4089699244019781E-07	1.5399151972551905E-07	4.3488656585459475E-08	9.6235175825145077E-09	1.6067004474718186E-09	1.9341229843020462E-10	1.5902830942841542E-11	8.374043796629971E-13	2.6161649342897677E-14	4.4292882562690845E-16	3.6511835876189501E-18	1.2913887485371088E-20	1.6884146399116604E-23	6.8472334210504147E-27	7.0084604421465982E-31	1.421395038740153E-35	4.3017616670772427E-41	1.394214727062218E-47	3.2842375066543522E-55	3.5778312137706748E-64	1.0647313969404847E-74	4.6931520703518981E-87	1.5057096724033107E-101	1.5435775489250709E-118	1.9508138195643895E-138	1.0119117205721878E-161	6.0620343793258598E-189	9.7463125645943764E-221	7.8631023813814602E-258	4.6517229198215472E-301	0	0	0	0	0	0	0	0	0	0	0	0	0
0	0	0	0	0	0	0	0	0	0	0	0	0	1.3768705102411337E-307	1.950602044319747E-262	8.7993741343018957E-224	9.8705780552496551E-191	1.6500536208346675E-162	1.9508138195643895E-138	6.3035105646052936E-118	1.7960447459733626E-100	1.2428859404448414E-85	5.0097569094552071E-73	2.4995673820598006E-62	2.9526574956666081E-53	1.4411324452753069E-45	4.6842379482876763E-39	1.5254569123520685E-33	7.055114523890586E-29	6.2395713409228325E-25	1.3593880212585462E-21	9.0480001611707501E-19	2.2085421992883477E-16	2.3078370784617876E-14	1.1767799261464928E-12	3.2702689551319984E-11	5.4368778916817341E-10	5.8488341163753315E-09	4.3488656585458237E-08	2.3620067753417183E-07	9.8145909845947018E-07	3.2426783007162794E-06	8.7962348146964703E-06	2.011668436025697E-05	3.9638907453006403E-05	6.8494215881508645E-05	0.00010526214084185438	0.00014545972631503317	0.00018223291384613283	0.00020815723679231061	0.00021751386861812764	0.00020815723679231061	0.00018223291384613283	0.00014545972631503317	0.00010526214084185438	6.8494215881508645E-05	3.9638907453006403E-05	2.011668436025697E-05	8.7962348146964703E-06	3.2426783007162794E-06	9.8145909845947018E-07	2.3620067753417183E-07	4.3488656585458237E-08	5.8488341163753315E-09	5.4368778916817341E-10	3.2702689551319984E-11	1.1767799261464928E-12	2.3078370784617876E-14	2.2085421992883477E-16	9.0480001611707501E-19	1.3593880212585462E-21	6.2395713409228325E-25	7.055114523890586E-29	1.5254569123520685E-33	4.6842379482876763E-39	1.4411324452753069E-45	2.9526574956666081E-53	2.4995673820598006E-62	5.0097569094552071E-73	1.2428859404448414E-85	1.7960447459733626E-100	6.3035105646052936E-118	1.9508138195643895E-138	1.6500536208346675E-162	9.8705780552496551E-191	8.7993741343018957E-224	1.950602044319747E-262	1.3768705102411337E-307	0	0	0	0	0	0	0	0	0	0	0	0
0	0	0	0	0	0	0	0	0	0	0	0	6.4333310460875604E-317	1.8134662161392072E-269	6.2466723635226625E-229	2.3823946118984946E-194	6.8556684204863666E-165	7.8905715966390668E-140	1.5435775489250709E-118	1.7960447459733626E-100	3.6691090641218437E-85	3.3472007067292712E-72	3.0454865794523043E-61	5.5117691469013798E-52	3.5863216402180847E-44	1.3922692451603301E-37	4.9707102044086345E-32	2.3600957648321143E-27	2.0397255922876913E-23	4.1891492505480153E-20	2.5630316086425952E-17	5.6563008198651678E-15	5.2923436401730829E-13	2.4060020365131773E-11	5.9609820351752009E-10	8.8635766966760242E-09	8.5768282979206729E-08	5.7799285313986592E-07	2.8709312359590787E-06	1.1019902334297932E-05	3.4001264012204699E-05	8.7131526515482895E-05	0.00019052926680101275	0.00036350962505146711	0.0006162125661608994	0.00094185964399809831	0.0013132903491835702	0.0016857649491643836	0.0020055489647294172	0.0022217796128878894	0.0022982248668585881	0.0022217796128878894	0.0020055489647294172	0.0016857649491643836	0.0013132903491835702	0.00094185964399809831	0.0006162125661608994	0.00036350962505146711	0.00019052926680101275	8.7131526515482895E-05	3.4001264012204699E-05	1.1019902334297932E-05	2.8709312359590787E-06	5.7799285313986592E-07	8.5768282979206729E-08	8.8635766966760242E-09	5.9609820351752009E-10	2.4060020365131773E-11	5.2923436401730829E-13	5.6563008198651678E-15	2.5630316086425952E-17	4.1891492505480153E-20	2.0397255922876913E-23	2.3600957648321143E-27	4.9707102044086345E-32	1.3922692451603301E-37	3.5863216402180847E-44	5.5117691469013798E-52	3.0454865794523043E-61	3.3472007067292712E-72	3.6691090641218437E-85	1.7960447459733626E-100	1.5435775489250709E-118	7.8905715966390668E-140	6.8556684204863666E-165	2.3823946118984946E-194	6.2466723635226625E-229	1.8134662161392072E-269	6.4333310460875604E-317	0	0	0	0	0	0	0	0	0	0	0
0	0	0	0	0	0	0	0	0	0	0	0	4.4534178613104915E-279	2.6793641645400996E-236	7.0455857602828664E-200	6.3783853267677006E-169	1.1941824426423902E-142	2.1880549406745235E-120	1.5057096724033107E-101	1.2428859404448414E-85	3.3472007067292712E-72	6.9528814306282343E-61	2.3309624902176933E-51	2.3734581419988809E-43	1.2599567984192522E-36	5.5279749595516443E-31	2.9669580411229254E-26	2.7178444478139575E-22	5.6349793735522984E-19	3.3574379675908188E-16	7.0325230282168404E-14	6.1370759377937541E-12	2.5738925291443921E-10	5.8488341163753315E-09	7.9621317544024335E-08	7.0625908175896865E-07	4.3786698544255081E-06	2.011668436025697E-05	7.1899932222073499E-05	0.00020815723679231061	0.00050473706162469428	0.0010537544430237696	0.0019376661177677862	0.0031971298701856869	0.0048056298599925707	0.006660930874278213	0.008596155638960476	0.010406402516631443	0.011883196441601757	0.012848850368545203	0.013184621014576762	0.012848850368545203	0.011883196441601757	0.010406402516631443	0.008596155638960476	0.006660930874278213	0.0048056298599925707	0.0031971298701856869	0.0019376661177677862	0.0010537544430237696	0.00050473706162469428	0.00020815723679231061	7.1899932222073499E-05	2.011668436025697E-05	4.3786698544255081E-06	7.0625908175896865E-07	7.9621317544024335E-08	5.8488341163753315E-09	2.5738925291443921E-10	6.1370759377937541E-12	7.0325230282168404E-14	3.3574379675908188E-16	5.6349793735522984E-19	2.7178444478139575E-22	2.9669580411229254E-26	5.5279749595516443E-31	1.2599567984192522E-36	2.3734581419988809E-43	2.3309624902176933E-51	6.9528814306282343E-61	3.3472007067292712E-72	1.2428859404448414E-85	1.5057096724033107E-101	2.1880549406745235E-120	1.1941824426423902E-142	6.3783853267677006E-169	7.0455857602828664E-200	2.6793641645400996E-236	4.4534178613104915E-279	0	0	0	0	0	0	0	0	0	0	0
0	0	0	0	0	0	0	0	0	0	0	1.786061322005041E-291	4.7539227961281302E-246	1.9056801045370962E-207	1.067028320260372E-174	5.7734038275402256E-147	1.6134983117217274E-123	9.92435544888889E-104	4.6931520703518981E-87	5.0097569094552071E-73	3.0454865794523043E-61	2.3309624902176933E-51	4.4277708518984472E-43	3.7253247786072497E-36	2.2735364556171155E-30	1.5304977234143224E-25	1.621399937711793E-21	3.6511835876189501E-18	2.252519330136797E-15	4.7143034128424703E-13	4.0058595250503815E-11	1.6067004474717671E-09	3.4506455786343653E-08	4.4089699244018685E-07	3.6591524044828568E-06	2.1220720681748755E-05	9.1374593166537626E-05	0.00030719616167225087	0.00084061351033101132	0.0019376661177677862	0.0038702858759803319	0.006856020926309412	0.010977842218036457	0.016136033872112484	0.022046882124228472	0.028282817742237933	0.034336838202925164	0.039692595352071099	0.043886686130779971	0.046556537581492169	0.047472629243815186	0.046556537581492169	0.043886686130779971	0.039692595352071099	0.034336838202925164	0.028282817742237933	0.022046882124228472	0.016136033872112484	0.010977842218036457	0.006856020926309412	0.0038702858759803319	0.0019376661177677862	0.00084061351033101132	0.00030719616167225087	9.1374593166537626E-05	2.1220720681748755E-05	3.6591524044828568E-06	4.4089699244018685E-07	3.4506455786343653E-08	1.6067004474717671E-09	4.0058595250503815E-11	4.7143034128424703E-13	2.252519330136797E-15	3.6511835876189501E-18	1.621399937711793E-21	1.5304977234143224E-25	2.2735364556171155E-30	3.7253247786072497E-36	4.4277708518984472E-43	2.3309624902176933E-51	3.0454865794523043E-61	5.0097569094552071E-73	4.6931520703518981E-87	9.92435544888889E-104	1.6134983117217274E-123	5.7734038275402256E-147	1.067028320260372E-174	1.9056801045370962E-207	4.7539227961281302E-246	1.786061322005041E-291	0	0	0	0	0	0	0	0	0	0
0	0	0	0	0	0	0	0	0	0	6.263662284983036E-307	2.1061447909825394E-258	3.1515042154207982E-217	2.3395413815662971E-182	6.9919217871318305E-153	5.1607206718670785E-128	4.5136214422495588E-107	1.8092751921662377E-89	1.0647313969404847E-74	2.4995673820598006E-62	5.5117691469013798E-52	2.3734581419988809E-43	3.7253247786072497E-36	3.6239542660785292E-30	3.4282811327458662E-25	4.6181369884504035E-21	1.2224405683923555E-17	8.3407713829367294E-15	1.8427024925901925E-12	1.5960082322339425E-10	6.3596583030820599E-09	1.3324510410227315E-07	1.6405527992914124E-06	1.3019332092624898E-05	7.1899932222073499E-05	0.00029440689722985653	0.00094185964399809831	0.002457991450362964	0.0054217311218898367	0.010406402516631443	0.017799820029671291	0.02766487223135616	0.039692595352071099	0.053250084324621846	0.0674894429069271	0.0814746188315148	0.094293389713304046	0.10513881464277483	0.11335878687411513	0.11848051549307141	0.12021937328883758	0.11848051549307141	0.11335878687411513	0.10513881464277483	0.094293389713304046	0.0814746188315148	0.0674894429069271	0.053250084324621846	0.039692595352071099	0.02766487223135616	0.017799820029671291	0.010406402516631443	0.0054217311218898367	0.002457991450362964	0.00094185964399809831	0.00029440689722985653	7.1899932222073499E-05	1.3019332092624898E-05	1.6405527992914124E-06	1.3324510410227315E-07	6.3596583030820599E-09	1.5960082322339425E-10	1.8427024925901925E-12	8.3407713829367294E-15	1.2224405683923555E-17	4.6181369884504035E-21	3.4282811327458662E-25	3.6239542660785292E-30	3.7253247786072497E-36	2.3734581419988809E-43	5.5117691469013798E-52	2.4995673820598006E-62	1.0647313969404847E-74	1.8092751921662377E-89	4.5136214422495588E-107	5.1607206718670785E-128	6.9919217871318305E-153	2.3395413815662971E-182	3.1515042154207982E-217	2.1061447909825394E-258	6.263662284983036E-307	0	0	0	0	0	0	0	0	0
0	0	0	0	0	0	0	0	0	0	1.2230248493459626E-273	1.8861851999377E-229	4.4079510733102788E-192	1.5165427635405552E-160	5.5071225905304689E-134	1.1585565953731908E-111	6.131180340475474E-93	2.8871546715575883E-77	3.5778312137706748E-64	2.9526574956666081E-53	3.5863216402180847E-44	1.2599567984192522E-36	2.2735364556171155E-30	3.4282811327458662E-25	6.5194709369602118E-21	2.2122959730115159E-17	1.7937467483492936E-14	4.4396020532692021E-12	4.1173039833610041E-10	1.6977477762695316E-08	3.5891363016040598E-07	4.3786698544255081E-06	3.4001264012204699E-05	0.00018223291384613283	0.00072067966056937665	0.0022217796128879133	0.0055858044159083501	0.011883196441601853	0.022046882124228472	0.03656029222698496	0.05528503000020505	0.077479221001998277	0.10196140103699568	0.12733263911243789	0.15218079477732077	0.17522601571036961	0.19539980097489085	0.21187002539862929	0.22403148996565722	0.23148059385175523	0.23398829671770335	0.23148059385175523	0.22403148996565722	0.21187002539862929	0.19539980097489085	0.17522601571036961	0.15218079477732077	0.12733263911243789	0.10196140103699568	0.077479221001998277	0.05528503000020505	0.03656029222698496	0.022046882124228472	0.011883196441601853	0.0055858044159083501	0.0022217796128879133	0.00072067966056937665	0.00018223291384613283	3.4001264012204699E-05	4.3786698544255081E-06	3.5891363016040598E-07	1.6977477762695316E-08	4.1173039833610041E-10	4.4396020532692021E-12	1.7937467483492936E-14	2.2122959730115159E-17	6.5194709369602118E-21	3.4282811327458662E-25	2.2735364556171155E-30	1.2599567984192522E-36	3.5863216402180847E-44	2.9526574956666081E-53	3.5778312137706748E-64	2.8871546715575883E-77	6.131180340475474E-93	1.1585565953731908E-111	5.5071225905304689E-134	1.5165427635405552E-160	4.4079510733102788E-192	1.8861851999377E-229	1.2230248493459626E-273	0	0	0	0	0	0	0	0	0
0	0	0	0	0	0	0	0	0	4.175022902729011E-292	2.1098224204878814E-244	4.1570798068526577E-204	3.801832229740066E-170	1.3800461940430735E-141	1.2710341224283284E-117	1.4708149937046353E-97	8.4680913112988728E-81	7.9019930312635061E-67	3.2842375066543522E-55	1.4411324452753069E-45	1.3922692451603301E-37	5.5279749595516443E-31	1.5304977234143224E-25	4.6181369884504035E-21	2.2122959730115159E-17	2.3078370784617876E-14	6.8316098246344549E-12	7.1588038082245591E-10	3.1927563831412617E-08	7.0625908175896865E-07	8.7962348146964703E-06	6.8494215881508645E-05	0.00036350962505146711	0.0014115056500168819	0.0042500900261398635	0.010406402516631443	0.021538773563121054	0.038891241765174972	0.062850084525324021	0.092806858113352	0.12733263911243789	0.16452625539868182	0.20237719322502906	0.23903997306234911	0.27298719038338093	0.30305647073392383	0.32842616559898385	0.34855465843217076	0.36310956925351739	0.3719033027595034	0.37484365233651895	0.3719033027595034	0.36310956925351739	0.34855465843217076	0.32842616559898385	0.30305647073392383	0.27298719038338093	0.23903997306234911	0.20237719322502906	0.16452625539868182	0.12733263911243789	0.092806858113352	0.062850084525324021	0.038891241765174972	0.021538773563121054	0.010406402516631443	0.0042500900261398635	0.0014115056500168819	0.00036350962505146711	6.8494215881508645E-05	8.7962348146964703E-06	7.0625908175896865E-07	3.1927563831412617E-08	7.1588038082245591E-10	6.8316098246344549E-12	2.3078370784617876E-14	2.2122959730115159E-17	4.6181369884504035E-21	1.5304977234143224E-25	5.5279749595516443E-31	1.3922692451603301E-37	1.4411324452753069E-45	3.2842375066543522E-55	7.9019930312635061E-67	8.4680913112988728E-81	1.4708149937046353E-97	1.2710341224283284E-117	1.3800461940430735E-141	3.801832229740066E-170	4.1570798068526577E-204	2.1098224204878814E-244	4.175022902729011E-292	0	0	0	0	0	0	0	0
0	0	0	0	0	0	0	0	3.141405991832574E-314	1.950602044319747E-262	9.9976461188420147E-219	6.3326427095262337E-182	5.17374302954659E-151	4.1420637754186452E-125	1.868003194237148E-103	2.136766105900117E-85	2.2548499832965307E-70	6.6284403449913993E-58	1.394214727062218E-47	4.6842379482876763E-39	4.9707102044086345E-32	2.9669580411229254E-26	1.621399937711793E-21	1.2224405683923555E-17	1.7937467483492936E-14	6.8316098246344549E-12	8.5864516967251756E-10	4.3488656585459475E-08	1.0474478240876253E-06	1.3757412313744135E-05	0.0001103030231205559	0.00059230444673261334	0.0022982248668585881	0.006856020926309412	0.016539734036226217	0.033619085570972894	0.05952264151141002	0.094293389713304046	0.13657811069426778	0.18404937324131887	0.23398829671770263	0.28379045132339392	0.33128207351471517	0.37484365233651895	0.41339384021161307	0.44629682453474367	0.47324304611740453	0.49413412538100238	0.50898695774302971	0.51786166628042762	0.52081283569412917	0.51786166628042762	0.50898695774302971	0.49413412538100238	0.47324304611740453	0.44629682453474367	0.41339384021161307	0.37484365233651895	0.33128207351471517	0.28379045132339392	0.23398829671770263	0.18404937324131887	0.13657811069426778	0.094293389713304046	0.05952264151141002	0.033619085570972894	0.016539734036226217	0.006856020926309412	0.0022982248668585881	0.00059230444673261334	0.0001103030231205559	1.3757412313744135E-05	1.0474478240876253E-06	4.3488656585459475E-08	8.5864516967251756E-10	6.8316098246344549E-12	1.7937467483492936E-14	1.2224405683923555E-17	1.621399937711793E-21	2.9669580411229254E-26	4.9707102044086345E-32	4.6842379482876763E-39	1.394214727062218E-47	6.6284403449913993E-58	2.2548499832965307E-70	2.136766105900117E-85	1.868003194237148E-103	4.1420637754186452E-125	5.17374302954659E-151	6.3326427095262337E-182	9.9976461188420147E-219	1.950602044319747E-262	3.141405991832574E-314	0	0	0	0	0	0	0
0	0	0	0	0	0	0	0	5.518027388103053E-284	2.6793641645400996E-236	3.530256260312004E-196	1.6500536208361681E-162	2.5275742078077605E-134	8.6399109987607523E-111	3.4342626247221919E-91	6.5465148683437331E-75	2.0126247632927768E-61	2.8101247272018768E-50	4.3017616670772427E-41	1.5254569123520685E-33	2.3600957648321143E-27	2.7178444478139575E-22	3.6511835876189501E-18	8.3407713829367294E-15	4.4396020532692021E-12	7.1588038082245591E-10	4.3488656585459475E-08	1.1921578506504794E-06	1.7115581361217997E-05	0.00014545972631503317	0.00080907829981444093	0.0031971298701856869	0.0095954192412679423	0.02309148971555261	0.04655653758149246	0.0814746188315148	0.12733263911243789	0.18182187102403299	0.24158369665788387	0.30305647073392461	0.36310956925351739	0.41936455990638061	0.47025208899474785	0.5149068644725564	0.55299463224173717	0.58453347330199046	0.60974093429645204	0.62891714750536321	0.6423624212561746	0.65032303515358503	0.65295827499096892	0.65032303515358503	0.6423624212561746	0.62891714750536321	0.60974093429645204	0.58453347330199046	0.55299463224173717	0.5149068644725564	0.47025208899474785	0.41936455990638061	0.36310956925351739	0.30305647073392461	0.24158369665788387	0.18182187102403299	0.12733263911243789	0.0814746188315148	0.04655653758149246	0.02309148971555261	0.0095954192412679423	0.0031971298701856869	0.00080907829981444093	0.00014545972631503317	1.7115581361217997E-05	1.1921578506504794E-06	4.3488656585459475E-08	7.1588038082245591E-10	4.4396020532692021E-12	8.3407713829367294E-15	3.6511835876189501E-18	2.7178444478139575E-22	2.3600957648321143E-27	1.5254569123520685E-33	4.3017616670772427E-41	2.8101247272018768E-50	2.0126247632927768E-61	6.5465148683437331E-75	3.4342626247221919E-91	8.6399109987607523E-111	2.5275742078077605E-134	1.6500536208361681E-162	3.530256260312004E-196	2.6793641645400996E-236	5.518027388103053E-284	0	0	0	0	0	0	0
