# Exported Field Information Data (generated by VirtualLab 7.6.1.18)
# Precision:	Double Precision
# Format of Complex Numbers:	Real Part / Imaginary Part
# Number of Data Points:	(100; 100)
# Sampling Distance [mm]:	(0.0001; 0.0001)
# Wavelength [mm]:	0.00050000000000000001
# Embedding Material:	Vacuum
# Complex Refractive Index:	1
# Globally Polarized Harmonic Field
# Jones Vector: (1; 0)
0	0	0	0	0	0	0	0	0	0	0	0	0	0	0	0	0	0	0	0	0	0	0	0	0	0	0	0	0	0	0	0	0	0	0	0	0	0	0	0	0	0.0020193088087701989	0.0021069792338476306	0.0021874911181828821	0.0022597524660343247	0.0023227580145299587	0.0023756124525063285	0.0024175515673645009	0.00244796062260158	0.0024663893486090477	0.00247256303587419	0.0024663893486090477	0.00244796062260158	0.0024175515673645009	0.0023756124525063285	0.0023227580145299587	0.0022597524660343247	0.0021874911181828821	0.0021069792338476306	0.0020193088087701989	0	0	0	0	0	0	0	0	0	0	0	0	0	0	0	0	0	0	0	0	0	0	0	0	0	0	0	0	0	0	0	0	0	0	0	0	0	0	0	0
0	0	0	0	0	0	0	0	0	0	0	0	0	0	0	0	0	0	0	0	0	0	0	0	0	0	0	0	0	0	0	0	0	0	0	0	0.001930454136227706	0.0020652582497023308	0.0021984559630425279	0.0023285721742377099	0.0024540881804139126	0.0025734702476076969	0.0026852001769538162	0.0027878070382796917	0.0028798991580882378	0.0029601953979617548	0.0030275547453758101	0.0030810032639133188	0.0031197575141649891	0.003143243658471176	0.0031511115984444358	0.003143243658471176	0.0031197575141649891	0.0030810032639133188	0.0030275547453758101	0.0029601953979617548	0.0028798991580882378	0.0027878070382796917	0.0026852001769538162	0.0025734702476076969	0.0024540881804139126	0.0023285721742377099	0.0021984559630425279	0.0020652582497023308	0.001930454136227706	0	0	0	0	0	0	0	0	0	0	0	0	0	0	0	0	0	0	0	0	0	0	0	0	0	0	0	0	0	0	0	0	0	0	0
0	0	0	0	0	0	0	0	0	0	0	0	0	0	0	0	0	0	0	0	0	0	0	0	0	0	0	0	0	0	0	0	0	0.001940130577853664	0.0021069792338476298	0.0022767643242548974	0.0024479606226015787	0.0026189023483632894	0.0027878070382796908	0.0029528041523734418	0.0031119678615025141	0.0032633532759761413	0.0034050352057731488	0.0035351484011196641	0.0036519281156503366	0.0037537497697702539	0.0038391664740261566	0.0039069432039990767	0.00395608649976259	0.0039858686921282844	0.0039958458300846256	0.0039858686921282844	0.00395608649976259	0.0039069432039990767	0.0038391664740261566	0.0037537497697702539	0.0036519281156503366	0.0035351484011196641	0.0034050352057731488	0.0032633532759761413	0.0031119678615025141	0.0029528041523734418	0.0027878070382796908	0.0026189023483632894	0.0024479606226015787	0.0022767643242548974	0.0021069792338476298	0.001940130577853664	0	0	0	0	0	0	0	0	0	0	0	0	0	0	0	0	0	0	0	0	0	0	0	0	0	0	0	0	0	0	0	0
0	0	0	0	0	0	0	0	0	0	0	0	0	0	0	0	0	0	0	0	0	0	0	0	0	0	0	0	0	0	0	0.0020447085867668926	0.0022428677194858021	0.0024479606226015826	0.0026584819887763662	0.0028727084023828374	0.0030887154082367692	0.0033044012070179833	0.0035175167749121293	0.0037257019572678649	0.0039265268383056233	0.004117537452589963	0.0042963046907523407	0.004460475073058	0.0046078219299927519	0.0047362954475275677	0.0048440700122489673	0.004929587331545051	0.0049915939069102161	0.0050291716014211809	0.005041760259690979	0.0050291716014211809	0.0049915939069102161	0.004929587331545051	0.0048440700122489673	0.0047362954475275677	0.0046078219299927519	0.004460475073058	0.0042963046907523407	0.004117537452589963	0.0039265268383056233	0.0037257019572678649	0.0035175167749121293	0.0033044012070179833	0.0030887154082367692	0.0028727084023828374	0.0026584819887763662	0.0024479606226015826	0.0022428677194858021	0.0020447085867668926	0	0	0	0	0	0	0	0	0	0	0	0	0	0	0	0	0	0	0	0	0	0	0	0	0	0	0	0	0	0
0	0	0	0	0	0	0	0	0	0	0	0	0	0	0	0	0	0	0	0	0	0	0	0	0	0	0	0	0	0.0021017183645896222	0.0023285721742377129	0.0025670446073856458	0.0028158249648128266	0.0030733103758703055	0.0033376109912616409	0.0036065631360157301	0.0038777507385540626	0.0041485350792832493	0.0044160926045233818	0.004677460240558459	0.004929587331545051	0.0051693930283203317	0.0053938276874555867	0.0055999366153085071	0.0057849243230716279	0.0059462173564720951	0.0060815237355678385	0.0061888870903059369	0.0062667337066618081	0.0063139109028044066	0.006329715427485747	0.0063139109028044066	0.0062667337066618081	0.0061888870903059369	0.0060815237355678385	0.0059462173564720951	0.0057849243230716279	0.0055999366153085071	0.0053938276874555867	0.0051693930283203317	0.004929587331545051	0.004677460240558459	0.0044160926045233818	0.0041485350792832493	0.0038777507385540626	0.0036065631360157301	0.0033376109912616409	0.0030733103758703055	0.0028158249648128266	0.0025670446073856458	0.0023285721742377129	0.0021017183645896222	0	0	0	0	0	0	0	0	0	0	0	0	0	0	0	0	0	0	0	0	0	0	0	0	0	0	0	0
0	0	0	0	0	0	0	0	0	0	0	0	0	0	0	0	0	0	0	0	0	0	0	0	0	0	0	0.0021069792338476315	0.0023578620064902303	0.002625457795128361	0.0029088426258125802	0.0032067413924028979	0.0035175167749121267	0.0038391664740261597	0.0041693296979041106	0.0045053035928169956	0.0048440700122489629	0.0051823326787147211	0.0055165644207607681	0.0058430637790877604	0.0061580198871688903	0.0064575841611089835	0.0067379469990854618	0.0069954174101520073	0.0072265032813764547	0.0074279898644390918	0.0075970140275775609	0.0077311318815000635	0.0078283775492257665	0.0078873111054299384	0.0079070540515934346	0.0078873111054299384	0.0078283775492257665	0.0077311318815000635	0.0075970140275775609	0.0074279898644390918	0.0072265032813764547	0.0069954174101520073	0.0067379469990854618	0.0064575841611089835	0.0061580198871688903	0.0058430637790877604	0.0055165644207607681	0.0051823326787147211	0.0048440700122489629	0.0045053035928169956	0.0041693296979041106	0.0038391664740261597	0.0035175167749121267	0.0032067413924028979	0.0029088426258125802	0.002625457795128361	0.0023578620064902303	0.0021069792338476315	0	0	0	0	0	0	0	0	0	0	0	0	0	0	0	0	0	0	0	0	0	0	0	0	0	0
0	0	0	0	0	0	0	0	0	0	0	0	0	0	0	0	0	0	0	0	0	0	0	0	0	0.0020601015526351902	0.0023285721742377112	0.002618902348363292	0.00293074096161709	0.0032633532759761444	0.003615590823763531	0.0039858686921282879	0.0043721517489293017	0.0047719512053396081	0.005182332678714722	0.0055999366153085019	0.0060210115633405536	0.006441460363850595	0.0068568988646579773	0.0072627262798148854	0.0076542058339720311	0.0080265538703951506	0.008375035185718591	0.0086950620057954509	0.0089822937549751142	0.0092327346122316103	0.0094428258037642029	0.0096095296596696404	0.0097304026628220845	0.0098036550358218226	0.0098281948353796805	0.0098036550358218226	0.0097304026628220845	0.0096095296596696404	0.0094428258037642029	0.0092327346122316103	0.0089822937549751142	0.0086950620057954509	0.008375035185718591	0.0080265538703951506	0.0076542058339720311	0.0072627262798148854	0.0068568988646579773	0.006441460363850595	0.0060210115633405536	0.0055999366153085019	0.005182332678714722	0.0047719512053396081	0.0043721517489293017	0.0039858686921282879	0.003615590823763531	0.0032633532759761444	0.00293074096161709	0.002618902348363292	0.0023285721742377112	0.0020601015526351902	0	0	0	0	0	0	0	0	0	0	0	0	0	0	0	0	0	0	0	0	0	0	0	0
0	0	0	0	0	0	0	0	0	0	0	0	0	0	0	0	0	0	0	0	0	0	0	0.0019645344163097002	0.0022428677194857999	0.0025478637908024314	0.0028798991580882378	0.0032389696791922645	0.0036246411089657518	0.004036004748319554	0.0044716402113483258	0.0049295873315450449	0.0054073291264409521	0.0059017875463510394	0.0064093334462563753	0.0069258118439270277	0.0074465830709243321	0.0079665798998843212	0.0084803801599532547	0.0089822937549751108	0.0094664624017103127	0.0099269698356109996	0.010357959717613689	0.010753758044116804	0.011108996538242294	0.01141873330394937	0.011678566970395432	0.011884740650379949	0.012034232284723763	0.012124828337388082	0.012155178329914924	0.012124828337388082	0.012034232284723763	0.011884740650379949	0.011678566970395432	0.01141873330394937	0.011108996538242294	0.010753758044116804	0.010357959717613689	0.0099269698356109996	0.0094664624017103127	0.0089822937549751108	0.0084803801599532547	0.0079665798998843212	0.0074465830709243321	0.0069258118439270277	0.0064093334462563753	0.0059017875463510394	0.0054073291264409521	0.0049295873315450449	0.0044716402113483258	0.004036004748319554	0.0036246411089657518	0.0032389696791922645	0.0028798991580882378	0.0025478637908024314	0.0022428677194857999	0.0019645344163097002	0	0	0	0	0	0	0	0	0	0	0	0	0	0	0	0	0	0	0	0	0	0
0	0	0	0	0	0	0	0	0	0	0	0	0	0	0	0	0	0	0	0	0	0	0.0021069792338476289	0.0024175515673644996	0.0027600678947735688	0.0031353953637810136	0.003543997328673088	0.0039858686921282853	0.004460475073057993	0.0049666982284378132	0.0055027902346155956	0.0060663389151631737	0.0066542468772011641	0.0072627262798148776	0.0078873111054299332	0.0085228882424006665	0.0091637481253395627	0.0098036550358218139	0.010435936462774489	0.011053590186859386	0.011649407018097285	0.012216106414843357	0.012746481579617048	0.013233550096540911	0.013670705776345453	0.014051867133046013	0.014371617849732728	0.014625334709594194	0.014809298773504384	0.014920786069067821	0.014958134700577467	0.014920786069067821	0.014809298773504384	0.014625334709594194	0.014371617849732728	0.014051867133046013	0.013670705776345453	0.013233550096540911	0.012746481579617048	0.012216106414843357	0.011649407018097285	0.011053590186859386	0.010435936462774489	0.0098036550358218139	0.0091637481253395627	0.0085228882424006665	0.0078873111054299332	0.0072627262798148776	0.0066542468772011641	0.0060663389151631737	0.0055027902346155956	0.0049666982284378132	0.004460475073057993	0.0039858686921282853	0.003543997328673088	0.0031353953637810136	0.0027600678947735688	0.0024175515673644996	0.0021069792338476289	0	0	0	0	0	0	0	0	0	0	0	0	0	0	0	0	0	0	0	0	0
0	0	0	0	0	0	0	0	0	0	0	0	0	0	0	0	0	0	0	0	0.001930454136227705	0.0022372675533115535	0.0025799119720271739	0.0029601953979617526	0.0033795929693767072	0.0038391664740261558	0.0043394832707388869	0.0048805371180481744	0.0054616736876407675	0.0060815237355678264	0.0067379469990854523	0.0074279898644390814	0.0081478596976799714	0.00889291843879929	0.0096576976275377559	0.010435936462774483	0.011220643809589065	0.012004184279668264	0.012778387649535742	0.013534679981104603	0.014264233908999228	0.014958134700577462	0.015607557919982805	0.016203953877675602	0.016739233558580601	0.017205950425851352	0.017597472415623362	0.017908138583446198	0.018133395236801041	0.018269906980216657	0.018315638888734147	0.018269906980216657	0.018133395236801041	0.017908138583446198	0.017597472415623362	0.017205950425851352	0.016739233558580601	0.016203953877675602	0.015607557919982805	0.014958134700577462	0.014264233908999228	0.013534679981104603	0.012778387649535742	0.012004184279668264	0.011220643809589065	0.010435936462774483	0.0096576976275377559	0.00889291843879929	0.0081478596976799714	0.0074279898644390814	0.0067379469990854523	0.0060815237355678264	0.0054616736876407675	0.0048805371180481744	0.0043394832707388869	0.0038391664740261558	0.0033795929693767072	0.0029601953979617526	0.0025799119720271739	0.0022372675533115535	0.001930454136227705	0	0	0	0	0	0	0	0	0	0	0	0	0	0	0	0	0	0	0
0	0	0	0	0	0	0	0	0	0	0	0	0	0	0	0	0	0	0	0.0020193088087702006	0.0023519747136563469	0.0027257817807342629	0.0031432436584711804	0.0036065631360157301	0.0041175374525899639	0.0046774602405584599	0.0052870227432892086	0.0059462173564720959	0.0066542468772011754	0.0074094430829146863	0.008209198377938761	0.0090499142179027887	0.0099269698356110117	0.010834714436436157	0.011766485505060664	0.012714655175249735	0.013670705776345476	0.01462533470959422	0.015568587758182088	0.016490018838362045	0.017378873102473102	0.018224289258677306	0.019015516028502259	0.019742136871492785	0.020394296511339359	0.020962922437051709	0.021439934453293449	0.021818435531042773	0.022092877665062453	0.022259197166057218	0.022314914776966413	0.022259197166057218	0.022092877665062453	0.021818435531042773	0.021439934453293449	0.020962922437051709	0.020394296511339359	0.019742136871492785	0.019015516028502259	0.018224289258677306	0.017378873102473102	0.016490018838362045	0.015568587758182088	0.01462533470959422	0.013670705776345476	0.012714655175249735	0.011766485505060664	0.010834714436436157	0.0099269698356110117	0.0090499142179027887	0.008209198377938761	0.0074094430829146863	0.0066542468772011754	0.0059462173564720959	0.0052870227432892086	0.0046774602405584599	0.0041175374525899639	0.0036065631360157301	0.0031432436584711804	0.0027257817807342629	0.0023519747136563469	0.0020193088087702006	0	0	0	0	0	0	0	0	0	0	0	0	0	0	0	0	0	0
0	0	0	0	0	0	0	0	0	0	0	0	0	0	0	0	0	0	0.0020912360005151068	0.0024479606226015783	0.0028512436826796284	0.0033044012070179776	0.0038104804325920314	0.0043721517489292974	0.0049915939069102092	0.0056703751466547804	0.006409333446256371	0.0072084595871885013	0.0080667871390996057	0.0089822937549751073	0.0099518183078484059	0.010970998366931464	0.012034232284723759	0.013134669735671373	0.014264233908999238	0.015413677721697484	0.016572675401761227	0.017729949627297979	0.018873433135151465	0.019990462383439395	0.021067999523041402	0.022092877665062415	0.023052063287225543	0.023932928662287051	0.02472352647033936	0.025412858319479335	0.025991128778755309	0.02644997674193876	0.026782676492638147	0.026984301715802447	0.027051846866350378	0.026984301715802447	0.026782676492638147	0.02644997674193876	0.025991128778755309	0.025412858319479335	0.02472352647033936	0.023932928662287051	0.023052063287225543	0.022092877665062415	0.021067999523041402	0.019990462383439395	0.018873433135151465	0.017729949627297979	0.016572675401761227	0.015413677721697484	0.014264233908999238	0.013134669735671373	0.012034232284723759	0.010970998366931464	0.0099518183078484059	0.0089822937549751073	0.0080667871390996057	0.0072084595871885013	0.006409333446256371	0.0056703751466547804	0.0049915939069102092	0.0043721517489292974	0.0038104804325920314	0.0033044012070179776	0.0028512436826796284	0.0024479606226015783	0.0020912360005151068	0	0	0	0	0	0	0	0	0	0	0	0	0	0	0	0	0
0	0	0	0	0	0	0	0	0	0	0	0	0	0	0	0	0	0.0021441758919131734	0.0025225121224994734	0.0029528041523734436	0.0034392563785186465	0.0039858686921282879	0.0045963167626192564	0.0052738216946173677	0.0060210115633405545	0.0068397780274599314	0.0077311318815000635	0.0086950620057954526	0.0097304026628220845	0.01083471443643615	0.012004184279668276	0.013233550096540921	0.014516055010392369	0.015843435951321101	0.017205950425851376	0.018592444322737784	0.019990462383439413	0.021386401561157085	0.022765705958043975	0.024113100426816858	0.025412858319479353	0.026649097336355475	0.027806096048618324	0.028868622509685072	0.029822265500883693	0.030653758429205629	0.031351285749530874	0.031904762042607955	0.032306074545876376	0.03254928098910341	0.03263075599289602	0.03254928098910341	0.032306074545876376	0.031904762042607955	0.031351285749530874	0.030653758429205629	0.029822265500883693	0.028868622509685072	0.027806096048618324	0.026649097336355475	0.025412858319479353	0.024113100426816858	0.022765705958043975	0.021386401561157085	0.019990462383439413	0.018592444322737784	0.017205950425851376	0.015843435951321101	0.014516055010392369	0.013233550096540921	0.012004184279668276	0.01083471443643615	0.0097304026628220845	0.0086950620057954526	0.0077311318815000635	0.0068397780274599314	0.0060210115633405545	0.0052738216946173677	0.0045963167626192564	0.0039858686921282879	0.0034392563785186465	0.0029528041523734436	0.0025225121224994734	0.0021441758919131734	0	0	0	0	0	0	0	0	0	0	0	0	0	0	0	0
0	0	0	0	0	0	0	0	0	0	0	0	0	0	0	0	0.0021765809607151225	0.0025734702476077	0.0030275547453758127	0.0035439973286730915	0.0041278441742554342	0.004783896008135201	0.0055165644207607681	0.0063297154274857426	0.0072265032813764573	0.0082091983779387593	0.0092790138870647351	0.010435936462774503	0.011678566970395441	0.013003977588151685	0.014407591843112345	0.0158830940932215	0.017422374639493508	0.019015516028502245	0.020650825181712559	0.022314914776966399	0.023992835836709168	0.02566826179167642	0.027323722447292555	0.028940884355630348	0.030500872171217479	0.031984623733233138	0.033373269960326073	0.034648529254661012	0.035793105067655297	0.036791074646645112	0.0376282568071762	0.038292546886344647	0.038774207831722002	0.03906610764648618	0.039163895098987066	0.03906610764648618	0.038774207831722002	0.038292546886344647	0.0376282568071762	0.036791074646645112	0.035793105067655297	0.034648529254661012	0.033373269960326073	0.031984623733233138	0.030500872171217479	0.028940884355630348	0.027323722447292555	0.02566826179167642	0.023992835836709168	0.022314914776966399	0.020650825181712559	0.019015516028502245	0.017422374639493508	0.0158830940932215	0.014407591843112345	0.013003977588151685	0.011678566970395441	0.010435936462774503	0.0092790138870647351	0.0082091983779387593	0.0072265032813764573	0.0063297154274857426	0.0055165644207607681	0.004783896008135201	0.0041278441742554342	0.0035439973286730915	0.0030275547453758127	0.0025734702476077	0.0021765809607151225	0	0	0	0	0	0	0	0	0	0	0	0	0	0	0
0	0	0	0	0	0	0	0	0	0	0	0	0	0	0	0.0021874911181828808	0.0025993340535822884	0.0030733103758703024	0.0036155908237635293	0.0042323410470327671	0.0049295873315450449	0.0057130628390026248	0.0065880360144989335	0.0075591237620415289	0.0086300929791439506	0.0098036550358218174	0.011081258733599261	0.012462888134332648	0.013946872352139147	0.015529714900105485	0.017205950425851359	0.018968036612429923	0.020806288629771377	0.022708862776731308	0.024661794850839774	0.026649097336355454	0.028652917744845699	0.030653758429205612	0.032630755992895999	0.034562016118004073	0.036424997337364193	0.038196935083679898	0.039855295370574667	0.04137824580097034	0.04274513035124463	0.043936933623407379	0.044936720049089003	0.045730033900218202	0.046305246915583666	0.046653841864471579	0.046770622383958939	0.046653841864471579	0.046305246915583666	0.045730033900218202	0.044936720049089003	0.043936933623407379	0.04274513035124463	0.04137824580097034	0.039855295370574667	0.038196935083679898	0.036424997337364193	0.034562016118004073	0.032630755992895999	0.030653758429205612	0.028652917744845699	0.026649097336355454	0.024661794850839774	0.022708862776731308	0.020806288629771377	0.018968036612429923	0.017205950425851359	0.015529714900105485	0.013946872352139147	0.012462888134332648	0.011081258733599261	0.0098036550358218174	0.0086300929791439506	0.0075591237620415289	0.0065880360144989335	0.0057130628390026248	0.0049295873315450449	0.0042323410470327671	0.0036155908237635293	0.0030733103758703024	0.0025993340535822884	0.0021874911181828808	0	0	0	0	0	0	0	0	0	0	0	0	0	0
0	0	0	0	0	0	0	0	0	0	0	0	0	0	0.0021765809607151225	0.0025993340535822884	0.0030887154082367631	0.0036519281156503383	0.0042963046907523346	0.0050291716014211722	0.0058576897133356121	0.0067886715809894827	0.0078283775492257596	0.0089822937549751056	0.01025489629640401	0.011649407018097288	0.013167547490079732	0.014809298773504389	0.016572675401761227	0.018453522597980054	0.020445346037937625	0.022539183398943858	0.024723526470339364	0.026984301715802447	0.029304915867040721	0.031666371409617131	0.034047454734599303	0.036424997337364193	0.038774207831721967	0.04106906981666527	0.043282797901965847	0.04538834159379683	0.047358924391140873	0.049168603471773521	0.050792833864898447	0.052209020108926175	0.053397038145197029	0.054339710639397416	0.055023220056407175	0.055437445610979401	0.05557621261148301	0.055437445610979401	0.055023220056407175	0.054339710639397416	0.053397038145197029	0.052209020108926175	0.050792833864898447	0.049168603471773521	0.047358924391140873	0.04538834159379683	0.043282797901965847	0.04106906981666527	0.038774207831721967	0.036424997337364193	0.034047454734599303	0.031666371409617131	0.029304915867040721	0.026984301715802447	0.024723526470339364	0.022539183398943858	0.020445346037937625	0.018453522597980054	0.016572675401761227	0.014809298773504389	0.013167547490079732	0.011649407018097288	0.01025489629640401	0.0089822937549751056	0.0078283775492257596	0.0067886715809894827	0.0058576897133356121	0.0050291716014211722	0.0042963046907523346	0.0036519281156503383	0.0030887154082367631	0.0025993340535822884	0.0021765809607151225	0	0	0	0	0	0	0	0	0	0	0	0	0
0	0	0	0	0	0	0	0	0	0	0	0	0	0.0021441758919131734	0.0025734702476077	0.0030733103758703024	0.0036519281156503383	0.0043178400076330781	0.0050797156163104136	0.005946217356472089	0.006925811843927032	0.0080265538703951488	0.0092558453251164654	0.010620172716252263	0.01212482833738809	0.013773621521294516	0.015568587758182074	0.017509704655794271	0.01959462470703591	0.021818435531042759	0.024173458594156524	0.026649097336355471	0.029231745078968016	0.031904762042607955	0.034648529254661012	0.037440585093407308	0.040255847748237837	0.043066924046830914	0.045844502010487821	0.04855782127000996	0.051175212245415186	0.053664691912730114	0.055994601202089274	0.058134266739821472	0.060054667895307931	0.061729089030958792	0.063133736560798376	0.064248300944503081	0.065056445084501605	0.065546202718024318	0.065710273227502849	0.065546202718024318	0.065056445084501605	0.064248300944503081	0.063133736560798376	0.061729089030958792	0.060054667895307931	0.058134266739821472	0.055994601202089274	0.053664691912730114	0.051175212245415186	0.04855782127000996	0.045844502010487821	0.043066924046830914	0.040255847748237837	0.037440585093407308	0.034648529254661012	0.031904762042607955	0.029231745078968016	0.026649097336355471	0.024173458594156524	0.021818435531042759	0.01959462470703591	0.017509704655794271	0.015568587758182074	0.013773621521294516	0.01212482833738809	0.010620172716252263	0.0092558453251164654	0.0080265538703951488	0.006925811843927032	0.005946217356472089	0.0050797156163104136	0.0043178400076330781	0.0036519281156503383	0.0030733103758703024	0.0025734702476077	0.0021441758919131734	0	0	0	0	0	0	0	0	0	0	0	0
0	0	0	0	0	0	0	0	0	0	0	0	0.0020912360005151068	0.0025225121224994734	0.0030275547453758127	0.0036155908237635293	0.0042963046907523346	0.0050797156163104136	0.0059760228950059384	0.0069954174101520047	0.0081478596976799784	0.0094428258037641995	0.010889023668554435	0.012494084333669633	0.014264233908999247	0.016203953877675623	0.018315638888734165	0.020599262598842368	0.023052063287225557	0.02566826179167641	0.028438824714184484	0.031351285749530861	0.034389637343472695	0.037534303655531731	0.040762203978366197	0.044046913374874125	0.047358924391140894	0.050666010375651688	0.053933687300355991	0.057125767180635258	0.060204992392373508	0.063133736560798362	0.065874754426402934	0.068391960350310588	0.070651213060429555	0.072621082989840963	0.074273578214333849	0.075584805609346037	0.076535545423911472	0.077111719968316672	0.077304740443299713	0.077111719968316672	0.076535545423911472	0.075584805609346037	0.074273578214333849	0.072621082989840963	0.070651213060429555	0.068391960350310588	0.065874754426402934	0.063133736560798362	0.060204992392373508	0.057125767180635258	0.053933687300355991	0.050666010375651688	0.047358924391140894	0.044046913374874125	0.040762203978366197	0.037534303655531731	0.034389637343472695	0.031351285749530861	0.028438824714184484	0.02566826179167641	0.023052063287225557	0.020599262598842368	0.018315638888734165	0.016203953877675623	0.014264233908999247	0.012494084333669633	0.010889023668554435	0.0094428258037641995	0.0081478596976799784	0.0069954174101520047	0.0059760228950059384	0.0050797156163104136	0.0042963046907523346	0.0036155908237635293	0.0030275547453758127	0.0025225121224994734	0.0020912360005151068	0	0	0	0	0	0	0	0	0	0	0
0	0	0	0	0	0	0	0	0	0	0	0.0020193088087702006	0.0024479606226015783	0.0029528041523734436	0.0035439973286730915	0.0042323410470327671	0.0050291716014211722	0.005946217356472089	0.0069954174101520047	0.0081887010143740675	0.0095377277808387194	0.011053590186859389	0.012746481579617049	0.014625334709594198	0.016697437741224511	0.01896803661242993	0.021439934453293417	0.024113100426816848	0.026984301715802458	0.030046773344173109	0.033289940990038583	0.036699211836386497	0.040255847748237816	0.043936933623407372	0.047715451630000294	0.051560469245114142	0.055437445610979415	0.059308656829438686	0.063133736560798348	0.066870323846593763	0.07047480562894666	0.073903137197555896	0.077111719968316658	0.080058312786720473	0.082702950536603745	0.085008842371699478	0.086943221484147501	0.08847811904208723	0.089591036774864616	0.09026549560978421	0.09049144166369584	0.09026549560978421	0.089591036774864616	0.08847811904208723	0.086943221484147501	0.085008842371699478	0.082702950536603745	0.080058312786720473	0.077111719968316658	0.073903137197555896	0.07047480562894666	0.066870323846593763	0.063133736560798348	0.059308656829438686	0.055437445610979415	0.051560469245114142	0.047715451630000294	0.043936933623407372	0.040255847748237816	0.036699211836386497	0.033289940990038583	0.030046773344173109	0.026984301715802458	0.024113100426816848	0.021439934453293417	0.01896803661242993	0.016697437741224511	0.014625334709594198	0.012746481579617049	0.011053590186859389	0.0095377277808387194	0.0081887010143740675	0.0069954174101520047	0.005946217356472089	0.0050291716014211722	0.0042323410470327671	0.0035439973286730915	0.0029528041523734436	0.0024479606226015783	0.0020193088087702006	0	0	0	0	0	0	0	0	0	0
0	0	0	0	0	0	0	0	0	0	0.001930454136227705	0.0023519747136563469	0.0028512436826796284	0.0034392563785186465	0.0041278441742554342	0.0049295873315450449	0.0058576897133356121	0.006925811843927032	0.0081478596976799784	0.0095377277808387194	0.011108996538242297	0.012874585849227476	0.014846368338086816	0.017034748358610574	0.01944821474538538	0.022092877665062429	0.024972002042276131	0.028085551959865358	0.031429762018367689	0.034996752762891027	0.038774207831721974	0.042745130351244637	0.046887695219988465	0.051175212245415165	0.055576212611483045	0.060054667895307903	0.064570346893168457	0.069079310979045003	0.073534543763057056	0.077886705638145842	0.082084998623898744	0.08607812197599736	0.0898152945722476	0.093247316346345588	0.096327638230492979	0.099013408363826258	0.10126646185388335	0.10305422221458109	0.10435048475476498	0.1051360555987307	0.10539922456186429	0.1051360555987307	0.10435048475476498	0.10305422221458109	0.10126646185388335	0.099013408363826258	0.096327638230492979	0.093247316346345588	0.0898152945722476	0.08607812197599736	0.082084998623898744	0.077886705638145842	0.073534543763057056	0.069079310979045003	0.064570346893168457	0.060054667895307903	0.055576212611483045	0.051175212245415165	0.046887695219988465	0.042745130351244637	0.038774207831721974	0.034996752762891027	0.031429762018367689	0.028085551959865358	0.024972002042276131	0.022092877665062429	0.01944821474538538	0.017034748358610574	0.014846368338086816	0.012874585849227476	0.011108996538242297	0.0095377277808387194	0.0081478596976799784	0.006925811843927032	0.0058576897133356121	0.0049295873315450449	0.0041278441742554342	0.0034392563785186465	0.0028512436826796284	0.0023519747136563469	0.001930454136227705	0	0	0	0	0	0	0	0	0
0	0	0	0	0	0	0	0	0	0	0.0022372675533115535	0.0027257817807342629	0.0033044012070179776	0.0039858686921282879	0.004783896008135201	0.0057130628390026248	0.0067886715809894827	0.0080265538703951488	0.0094428258037641995	0.011053590186859389	0.012874585849227476	0.014920786069067828	0.017205950425851366	0.01974213687149276	0.022539183398943875	0.025604171283712639	0.028940884355630327	0.03254928098910341	0.036424997337364207	0.040558901637871958	0.044936720049089003	0.049538754328443832	0.054339710639397444	0.059308656829438693	0.064409122640222666	0.069599353533268973	0.07483272422749622	0.080058312786720501	0.085221630351776781	0.090265495609784238	0.095131037090440559	0.099758800653618585	0.10408993436656661	0.10806741863482922	0.11163730619435712	0.1147499345972787	0.1173610732794077	0.11943296826671955	0.12093525007041661	0.12184567426908029	0.12215066953998995	0.12184567426908029	0.12093525007041661	0.11943296826671955	0.1173610732794077	0.1147499345972787	0.11163730619435712	0.10806741863482922	0.10408993436656661	0.099758800653618585	0.095131037090440559	0.090265495609784238	0.085221630351776781	0.080058312786720501	0.07483272422749622	0.069599353533268973	0.064409122640222666	0.059308656829438693	0.054339710639397444	0.049538754328443832	0.044936720049089003	0.040558901637871958	0.036424997337364207	0.03254928098910341	0.028940884355630327	0.025604171283712639	0.022539183398943875	0.01974213687149276	0.017205950425851366	0.014920786069067828	0.012874585849227476	0.011053590186859389	0.0094428258037641995	0.0080265538703951488	0.0067886715809894827	0.0057130628390026248	0.004783896008135201	0.0039858686921282879	0.0033044012070179776	0.0027257817807342629	0.0022372675533115535	0	0	0	0	0	0	0	0	0
0	0	0	0	0	0	0	0	0	0.0021069792338476289	0.0025799119720271739	0.0031432436584711804	0.0038104804325920314	0.0045963167626192564	0.0055165644207607681	0.0065880360144989335	0.0078283775492257596	0.0092558453251164654	0.010889023668554435	0.012746481579617049	0.014846368338086816	0.017205950425851366	0.019841094744370263	0.022765705958043961	0.025991128778755326	0.029525529001173438	0.033373269960326045	0.037534303655531731	0.042003597903445516	0.046770622383958953	0.051818917172725784	0.05712576718063523	0.06266200474215311	0.06839196035031056	0.074273578214333835	0.0802587089595303	0.086293586499370453	0.092319490046255517	0.098273585604361474	0.10408993436656661	0.10970064851551133	0.11503716832633232	0.12003162851145667	0.12461827674986316	0.12873490358780415	0.1323242406205086	0.13533528323661262	0.13772449532465139	0.13945685621505086	0.14050671468471801	0.14085842092104492	0.14050671468471801	0.13945685621505086	0.13772449532465139	0.13533528323661262	0.1323242406205086	0.12873490358780415	0.12461827674986316	0.12003162851145667	0.11503716832633232	0.10970064851551133	0.10408993436656661	0.098273585604361474	0.092319490046255517	0.086293586499370453	0.0802587089595303	0.074273578214333835	0.06839196035031056	0.06266200474215311	0.05712576718063523	0.051818917172725784	0.046770622383958953	0.042003597903445516	0.037534303655531731	0.033373269960326045	0.029525529001173438	0.025991128778755326	0.022765705958043961	0.019841094744370263	0.017205950425851366	0.014846368338086816	0.012746481579617049	0.010889023668554435	0.0092558453251164654	0.0078283775492257596	0.0065880360144989335	0.0055165644207607681	0.0045963167626192564	0.0038104804325920314	0.0031432436584711804	0.0025799119720271739	0.0021069792338476289	0	0	0	0	0	0	0	0
0	0	0	0	0	0	0	0	0.0019645344163097002	0.0024175515673644996	0.0029601953979617526	0.0036065631360157301	0.0043721517489292974	0.0052738216946173677	0.0063297154274857426	0.0075591237620415289	0.0089822937549751056	0.010620172716252263	0.012494084333669633	0.014625334709594198	0.017034748358610574	0.01974213687149276	0.022765705958043961	0.026121409853918209	0.029822265500883686	0.033877642345674301	0.038292546886344619	0.0430669240468309	0.048194999891378348	0.053664691912730093	0.059457113965611076	0.065546202718024277	0.071898491140776566	0.078473051980720659	0.085221630351776795	0.092088979579281111	0.099013408363826244	0.10592754037354533	0.11275927977443684	0.11943296826671956	0.12587071125294039	0.13199384318783014	0.13772449532465142	0.14298722333809283	0.14771064799479675	0.15182905942943054	0.15528393486390291	0.15802532088964771	0.16001303473065134	0.16121764412977668	0.16162119246533918	0.16121764412977668	0.16001303473065134	0.15802532088964771	0.15528393486390291	0.15182905942943054	0.14771064799479675	0.14298722333809283	0.13772449532465142	0.13199384318783014	0.12587071125294039	0.11943296826671956	0.11275927977443684	0.10592754037354533	0.099013408363826244	0.092088979579281111	0.085221630351776795	0.078473051980720659	0.071898491140776566	0.065546202718024277	0.059457113965611076	0.053664691912730093	0.048194999891378348	0.0430669240468309	0.038292546886344619	0.033877642345674301	0.029822265500883686	0.026121409853918209	0.022765705958043961	0.01974213687149276	0.017034748358610574	0.014625334709594198	0.012494084333669633	0.010620172716252263	0.0089822937549751056	0.0075591237620415289	0.0063297154274857426	0.0052738216946173677	0.0043721517489292974	0.0036065631360157301	0.0029601953979617526	0.0024175515673644996	0.0019645344163097002	0	0	0	0	0	0	0
0	0	0	0	0	0	0	0	0.0022428677194857999	0.0027600678947735688	0.0033795929693767072	0.0041175374525899639	0.0049915939069102092	0.0060210115633405545	0.0072265032813764573	0.0086300929791439506	0.01025489629640401	0.01212482833738809	0.014264233908999247	0.016697437741224511	0.01944821474538538	0.022539183398943875	0.025991128778755326	0.029822265500883686	0.034047454734599331	0.038677393380630747	0.043717797252750913	0.049168603471773563	0.05502322005640721	0.06126785266165493	0.067880939371761401	0.07483272422749622	0.082084998623898772	0.089591036774864644	0.097295747089532758	0.10513605559873071	0.11304153064044983	0.12093525007041665	0.12873490358780421	0.13635411369935924	0.14370394977770287	0.1506946010205121	0.15723716631362758	0.16324551245395838	0.16863814726859547	0.17334005118313867	0.17728440996987777	0.18041419287047072	0.18268352405273464	0.18405880132629981	0.18451952399298924	0.18405880132629981	0.18268352405273464	0.18041419287047072	0.17728440996987777	0.17334005118313867	0.16863814726859547	0.16324551245395838	0.15723716631362758	0.1506946010205121	0.14370394977770287	0.13635411369935924	0.12873490358780421	0.12093525007041665	0.11304153064044983	0.10513605559873071	0.097295747089532758	0.089591036774864644	0.082084998623898772	0.07483272422749622	0.067880939371761401	0.06126785266165493	0.05502322005640721	0.049168603471773563	0.043717797252750913	0.038677393380630747	0.034047454734599331	0.029822265500883686	0.025991128778755326	0.022539183398943875	0.01944821474538538	0.016697437741224511	0.014264233908999247	0.01212482833738809	0.01025489629640401	0.0086300929791439506	0.0072265032813764573	0.0060210115633405545	0.0049915939069102092	0.0041175374525899639	0.0033795929693767072	0.0027600678947735688	0.0022428677194857999	0	0	0	0	0	0	0
0	0	0	0	0	0	0	0.0020601015526351902	0.0025478637908024314	0.0031353953637810136	0.0038391664740261558	0.0046774602405584599	0.0056703751466547804	0.0068397780274599314	0.0082091983779387593	0.0098036550358218174	0.011649407018097288	0.013773621521294516	0.016203953877675623	0.01896803661242993	0.022092877665062429	0.025604171283712639	0.029525529001173438	0.033877642345674301	0.038677393380630747	0.0439369336234074	0.049662756151960072	0.055854789536484623	0.0625055453859822	0.069599353533269001	0.077111719968316672	0.085008842371699506	0.093247316346345602	0.10177406210628369	0.11052649643792826	0.11943296826671958	0.12841346829037067	0.13738061411695424	0.14624090249023042	0.15489620988490702	0.16324551245395835	0.1711867864849409	0.17861904165739989	0.18544443195597085	0.19157038350534908	0.19691167520419403	0.20139240710084372	0.20494779311679726	0.20752571900087688	0.20908801317328288	0.20961138715109778	0.20908801317328288	0.20752571900087688	0.20494779311679726	0.20139240710084372	0.19691167520419403	0.19157038350534908	0.18544443195597085	0.17861904165739989	0.1711867864849409	0.16324551245395835	0.15489620988490702	0.14624090249023042	0.13738061411695424	0.12841346829037067	0.11943296826671958	0.11052649643792826	0.10177406210628369	0.093247316346345602	0.085008842371699506	0.077111719968316672	0.069599353533269001	0.0625055453859822	0.055854789536484623	0.049662756151960072	0.0439369336234074	0.038677393380630747	0.033877642345674301	0.029525529001173438	0.025604171283712639	0.022092877665062429	0.01896803661242993	0.016203953877675623	0.013773621521294516	0.011649407018097288	0.0098036550358218174	0.0082091983779387593	0.0068397780274599314	0.0056703751466547804	0.0046774602405584599	0.0038391664740261558	0.0031353953637810136	0.0025478637908024314	0.0020601015526351902	0	0	0	0	0	0
0	0	0	0	0	0	0	0.0023285721742377112	0.0028798991580882378	0.003543997328673088	0.0043394832707388869	0.0052870227432892086	0.006409333446256371	0.0077311318815000635	0.0092790138870647351	0.011081258733599261	0.013167547490079732	0.015568587758182074	0.018315638888734165	0.021439934453293417	0.024972002042276131	0.028940884355630327	0.033373269960326045	0.038292546886344619	0.043717797252750913	0.049662756151960072	0.05613476283413367	0.063133736560798362	0.070651213060429541	0.078669480043444609	0.087160851461981215	0.096087119908089658	0.10539922456186429	0.1150371683263323	0.12493021219858237	0.13499736759906572	0.14514819848362365	0.15528393486390293	0.16529888822158645	0.1750821476599074	0.18451952399298915	0.19349569786795595	0.20189651799465533	0.20961138715109773	0.21653566731600696	0.22257303144910398	0.22763768838381263	0.23165640917688868	0.23457028809379757	0.23633617906804827	0.23692775868212165	0.23633617906804827	0.23457028809379757	0.23165640917688868	0.22763768838381263	0.22257303144910398	0.21653566731600696	0.20961138715109773	0.20189651799465533	0.19349569786795595	0.18451952399298915	0.1750821476599074	0.16529888822158645	0.15528393486390293	0.14514819848362365	0.13499736759906572	0.12493021219858237	0.1150371683263323	0.10539922456186429	0.096087119908089658	0.087160851461981215	0.078669480043444609	0.070651213060429541	0.063133736560798362	0.05613476283413367	0.049662756151960072	0.043717797252750913	0.038292546886344619	0.033373269960326045	0.028940884355630327	0.024972002042276131	0.021439934453293417	0.018315638888734165	0.015568587758182074	0.013167547490079732	0.011081258733599261	0.0092790138870647351	0.0077311318815000635	0.006409333446256371	0.0052870227432892086	0.0043394832707388869	0.003543997328673088	0.0028798991580882378	0.0023285721742377112	0	0	0	0	0	0
0	0	0	0	0	0	0.0021069792338476315	0.002618902348363292	0.0032389696791922645	0.0039858686921282853	0.0048805371180481744	0.0059462173564720959	0.0072084595871885013	0.0086950620057954526	0.010435936462774503	0.012462888134332648	0.014809298773504389	0.017509704655794271	0.020599262598842368	0.024113100426816848	0.028085551959865358	0.03254928098910341	0.037534303655531731	0.0430669240468309	0.049168603471773563	0.055854789536484623	0.063133736560798362	0.07100535373963697	0.079460121462305883	0.088478119042087286	0.098028208489544674	0.10806741863482923	0.1185405716750431	0.12938018997737105	0.14050671468471809	0.15182905942943056	0.16324551245395838	0.17464498896681085	0.18590862303294084	0.19691167520419403	0.20752571900087688	0.21762105686523286	0.22706930493819324	0.23574607655586352	0.24353368725792071	0.25032379979169611	0.25601992640813004	0.2605397078599756	0.26381689394970337	0.26580295908892659	0.2664682978135241	0.26580295908892659	0.26381689394970337	0.2605397078599756	0.25601992640813004	0.25032379979169611	0.24353368725792071	0.23574607655586352	0.22706930493819324	0.21762105686523286	0.20752571900087688	0.19691167520419403	0.18590862303294084	0.17464498896681085	0.16324551245395838	0.15182905942943056	0.14050671468471809	0.12938018997737105	0.1185405716750431	0.10806741863482923	0.098028208489544674	0.088478119042087286	0.079460121462305883	0.07100535373963697	0.063133736560798362	0.055854789536484623	0.049168603471773563	0.0430669240468309	0.037534303655531731	0.03254928098910341	0.028085551959865358	0.024113100426816848	0.020599262598842368	0.017509704655794271	0.014809298773504389	0.012462888134332648	0.010435936462774503	0.0086950620057954526	0.0072084595871885013	0.0059462173564720959	0.0048805371180481744	0.0039858686921282853	0.0032389696791922645	0.002618902348363292	0.0021069792338476315	0	0	0	0	0
