# Exported Field Information Data (generated by VirtualLab 7.6.1.18)
# Precision:	Double Precision
# Format of Complex Numbers:	Real Part / Imaginary Part
# Number of Data Points:	(100; 100)
# Sampling Distance [mm]:	(0.0001; 0.0001)
# Wavelength [mm]:	0.00050000000000000001
# Embedding Material:	Vacuum
# Complex Refractive Index:	1
# Globally Polarized Harmonic Field
# Jones Vector: (1; 0)
0	0	0	0	0	0	0	0	0	0	0	0	0	0	0	0	0	0	0	0	0	0	0	0	0	0	0	0	0	0	0	0	0	0	0	0	0	0	0	0	0	0	0	0	0	0	0	0	0	0	0	0	0	0	0	0	0	0	0	0	0	0	0	0	0	0	0	0	0	0	0	0	0	0	0	0	0	0	0	0	0	0	0	0	0	0	0	0	0	0	0	0	0	0	0	0	0	0	0	0
0	0	0	0	0	0	0	0	0	0	0	0	6.7269508009514923E-319	2.4823121062400384E-312	3.5033002029611993E-307	3.592997594927592E-303	4.5431513927264488E-300	1.0918705146371001E-297	7.0949624820033192E-296	1.6577779119590235E-294	1.7515878160771278E-293	1.0048634431622879E-292	3.6181176254642746E-292	9.162497218863871E-292	1.783337459904821E-291	2.8568639380530072E-291	3.9693653593843361E-291	4.976509371966924E-291	5.7990419450754528E-291	6.4195600497346727E-291	6.8593332932830637E-291	7.1555446552835648E-291	7.3465721100933952E-291	7.465019001078477E-291	7.5357455030606871E-291	7.5763953886694245E-291	7.598832304286753E-291	7.6106784742994686E-291	7.6166275299278553E-291	7.6194477400693162E-291	7.6206972944960845E-291	7.6212080142411799E-291	7.6213972364564592E-291	7.6214592857894568E-291	7.6214766953289771E-291	7.6214806711776791E-291	7.6214813547536541E-291	7.621481432350662E-291	7.6214814369008818E-291	7.621481436981104E-291	7.6214814369811824E-291	7.621481436981104E-291	7.6214814369008818E-291	7.621481432350662E-291	7.6214813547536541E-291	7.6214806711776791E-291	7.6214766953289771E-291	7.6214592857894568E-291	7.6213972364564592E-291	7.6212080142411799E-291	7.6206972944960845E-291	7.6194477400693162E-291	7.6166275299278553E-291	7.6106784742994686E-291	7.598832304286753E-291	7.5763953886694245E-291	7.5357455030606871E-291	7.465019001078477E-291	7.3465721100933952E-291	7.1555446552835648E-291	6.8593332932830637E-291	6.4195600497346727E-291	5.7990419450754528E-291	4.976509371966924E-291	3.9693653593843361E-291	2.8568639380530072E-291	1.783337459904821E-291	9.162497218863871E-292	3.6181176254642746E-292	1.0048634431622879E-292	1.7515878160771278E-293	1.6577779119590235E-294	7.0949624820033192E-296	1.0918705146371001E-297	4.5431513927264488E-300	3.592997594927592E-303	3.5033002029611993E-307	2.4823121062400384E-312	6.7269508009514923E-319	0	0	0	0	0	0	0	0	0	0	0
0	0	0	0	0	0	0	0	4.3407847552666855E-312	9.5785217521607568E-296	1.2730561473916406E-282	3.8465652782121992E-272	8.0592986714031087E-264	2.9739583478230269E-257	4.1971631437212105E-252	4.3046259832834725E-248	5.4429670531173509E-245	1.3081261713960809E-242	8.5001893387207691E-241	1.9861170751705009E-239	2.0985069502225217E-238	1.2038864966663721E-237	4.334721282067344E-237	1.0977219593958233E-236	2.1365449221859951E-236	3.4226938408781067E-236	4.7555370722410657E-236	5.9621558274531058E-236	6.9475990382413772E-236	7.6910168351763957E-236	8.2178914797917379E-236	8.5727704051801769E-236	8.8016327196598148E-236	8.9435391782929447E-236	9.0282737571774907E-236	9.0769747510372977E-236	9.1038555176950425E-236	9.1180479377821359E-236	9.125175262183941E-236	9.1285540425845704E-236	9.1300510835123428E-236	9.1306629563084782E-236	9.1308896558380458E-236	9.130963994649582E-236	9.1309848523190358E-236	9.130989615623539E-236	9.130990434588436E-236	9.1309905275542914E-236	9.1309905330057274E-236	9.1309905331018379E-236	9.1309905331019322E-236	9.1309905331018379E-236	9.1309905330057274E-236	9.1309905275542914E-236	9.130990434588436E-236	9.130989615623539E-236	9.1309848523190358E-236	9.130963994649582E-236	9.1308896558380458E-236	9.1306629563084782E-236	9.1300510835123428E-236	9.1285540425845704E-236	9.125175262183941E-236	9.1180479377821359E-236	9.1038555176950425E-236	9.0769747510372977E-236	9.0282737571774907E-236	8.9435391782929447E-236	8.8016327196598148E-236	8.5727704051801769E-236	8.2178914797917379E-236	7.6910168351763957E-236	6.9475990382413772E-236	5.9621558274531058E-236	4.7555370722410657E-236	3.4226938408781067E-236	2.1365449221859951E-236	1.0977219593958233E-236	4.334721282067344E-237	1.2038864966663721E-237	2.0985069502225217E-238	1.9861170751705009E-239	8.5001893387207691E-241	1.3081261713960809E-242	5.4429670531173509E-245	4.3046259832834725E-248	4.1971631437212105E-252	2.9739583478230269E-257	8.0592986714031087E-264	3.8465652782121992E-272	1.2730561473916406E-282	9.5785217521607568E-296	4.3407847552666855E-312	0	0	0	0	0	0	0
0	0	0	0	0	0	8.1496465891292577E-312	7.44157722393337E-287	1.3174397917073657E-266	2.9071069895196288E-250	3.8637594817783917E-237	1.1674428576008236E-226	2.4460187181781975E-218	9.0260431862006898E-212	1.273850248188206E-206	1.3064655076289027E-202	1.6519550691914476E-199	3.9701979433112794E-197	2.5798302157909698E-195	6.0279184832773999E-194	6.3690247622721339E-193	3.6538277404418969E-192	1.315599511362468E-191	3.3316155282404607E-191	6.4844710253003727E-191	1.0387967418414999E-190	1.4433182300299161E-190	1.8095302518558415E-190	2.10861490395375E-190	2.334244195145321E-190	2.4941520600114641E-190	2.6018587637308783E-190	2.6713190887451537E-190	2.7143880787651734E-190	2.7401052502560349E-190	2.7548861322448928E-190	2.763044516874207E-190	2.7673519543578752E-190	2.7695151163907207E-190	2.7705405852859089E-190	2.7709949412144468E-190	2.7711806462458039E-190	2.7712494501598086E-190	2.7712720121880843E-190	2.7712783425465906E-190	2.7712797882222568E-190	2.7712800367802947E-190	2.7712800649956809E-190	2.7712800666502063E-190	2.7712800666793763E-190	2.7712800666794047E-190	2.7712800666793763E-190	2.7712800666502063E-190	2.7712800649956809E-190	2.7712800367802947E-190	2.7712797882222568E-190	2.7712783425465906E-190	2.7712720121880843E-190	2.7712494501598086E-190	2.7711806462458039E-190	2.7709949412144468E-190	2.7705405852859089E-190	2.7695151163907207E-190	2.7673519543578752E-190	2.763044516874207E-190	2.7548861322448928E-190	2.7401052502560349E-190	2.7143880787651734E-190	2.6713190887451537E-190	2.6018587637308783E-190	2.4941520600114641E-190	2.334244195145321E-190	2.10861490395375E-190	1.8095302518558415E-190	1.4433182300299161E-190	1.0387967418414999E-190	6.4844710253003727E-191	3.3316155282404607E-191	1.315599511362468E-191	3.6538277404418969E-192	6.3690247622721339E-193	6.0279184832773999E-194	2.5798302157909698E-195	3.9701979433112794E-197	1.6519550691914476E-199	1.3064655076289027E-202	1.273850248188206E-206	9.0260431862006898E-212	2.4460187181781975E-218	1.1674428576008236E-226	3.8637594817783917E-237	2.9071069895196288E-250	1.3174397917073657E-266	7.44157722393337E-287	8.1496465891292577E-312	0	0	0	0	0
0	0	0	0	0	4.8886970277368772E-305	2.0561505936942912E-274	1.8775051481890851E-249	3.3238921224986302E-229	7.3346122400038755E-213	9.7482403260863812E-200	2.9454508223238843E-189	6.1712894965014362E-181	2.2772648915563473E-174	3.2139159845083873E-169	3.2962040743403215E-165	4.1678720164441443E-162	1.0016783880066588E-159	6.508895044485092E-158	1.5208399569944173E-156	1.6069008518316713E-155	9.2185838926895446E-155	3.3192491070226305E-154	8.4056445533355794E-154	1.6360278697543774E-153	2.6208774995397762E-153	3.6414826129076921E-153	4.5654331889973724E-153	5.3200218429351161E-153	5.8892830936710414E-153	6.2927296084186466E-153	6.5644729292798528E-153	6.739720882616629E-153	6.8483836674760336E-153	6.9132679257696426E-153	6.9505599959770239E-153	6.9711435479331602E-153	6.982011185004882E-153	6.987468828903238E-153	6.9900560803313774E-153	6.9912024174172801E-153	6.9916709500171921E-153	6.991844541849773E-153	6.9919014657020241E-153	6.9919174371558276E-153	6.9919210845862369E-153	6.9919217116965686E-153	6.9919217828838062E-153	6.9919217870581637E-153	6.9919217871317584E-153	6.9919217871318305E-153	6.9919217871317584E-153	6.9919217870581637E-153	6.9919217828838062E-153	6.9919217116965686E-153	6.9919210845862369E-153	6.9919174371558276E-153	6.9919014657020241E-153	6.991844541849773E-153	6.9916709500171921E-153	6.9912024174172801E-153	6.9900560803313774E-153	6.987468828903238E-153	6.982011185004882E-153	6.9711435479331602E-153	6.9505599959770239E-153	6.9132679257696426E-153	6.8483836674760336E-153	6.739720882616629E-153	6.5644729292798528E-153	6.2927296084186466E-153	5.8892830936710414E-153	5.3200218429351161E-153	4.5654331889973724E-153	3.6414826129076921E-153	2.6208774995397762E-153	1.6360278697543774E-153	8.4056445533355794E-154	3.3192491070226305E-154	9.2185838926895446E-155	1.6069008518316713E-155	1.5208399569944173E-156	6.508895044485092E-158	1.0016783880066588E-159	4.1678720164441443E-162	3.2962040743403215E-165	3.2139159845083873E-169	2.2772648915563473E-174	6.1712894965014362E-181	2.9454508223238843E-189	9.7482403260863812E-200	7.3346122400038755E-213	3.3238921224986302E-229	1.8775051481890851E-249	2.0561505936942912E-274	4.8886970277368772E-305	0	0	0	0
0	0	0	0	8.1496465891292577E-312	2.0561505936942912E-274	8.6480206074593658E-244	7.8966507910190233E-219	1.3980049739787603E-198	3.0848848325507421E-182	4.1000393397739429E-169	1.2388353016472836E-158	2.595599704808243E-150	9.5780113437309297E-144	1.3517498061624958E-138	1.3863595812829284E-134	1.7529768100643889E-131	4.2129868153111598E-129	2.7375941552686817E-127	6.3965428062857223E-126	6.7585087023302135E-125	3.8772696766502167E-124	1.3960521552678968E-123	3.5353532732064346E-123	6.8810148319891446E-123	1.1023221108004337E-122	1.5315812360586695E-122	1.9201881623607571E-122	2.2375626897626574E-122	2.4769898524661072E-122	2.6466765371012163E-122	2.7609698114340471E-122	2.8346778324573774E-122	2.8803806134506537E-122	2.9076704629657465E-122	2.9233552378376495E-122	2.9320125308412494E-122	2.9365833803519257E-122	2.9388788258823212E-122	2.9399670051108198E-122	2.9404491461938894E-122	2.9406462076149611E-122	2.9407192190835781E-122	2.9407431608439166E-122	2.9407498783218116E-122	2.9407514124046474E-122	2.9407516761627149E-122	2.9407517061035519E-122	2.9407517078592565E-122	2.9407517078902103E-122	2.9407517078902404E-122	2.9407517078902103E-122	2.9407517078592565E-122	2.9407517061035519E-122	2.9407516761627149E-122	2.9407514124046474E-122	2.9407498783218116E-122	2.9407431608439166E-122	2.9407192190835781E-122	2.9406462076149611E-122	2.9404491461938894E-122	2.9399670051108198E-122	2.9388788258823212E-122	2.9365833803519257E-122	2.9320125308412494E-122	2.9233552378376495E-122	2.9076704629657465E-122	2.8803806134506537E-122	2.8346778324573774E-122	2.7609698114340471E-122	2.6466765371012163E-122	2.4769898524661072E-122	2.2375626897626574E-122	1.9201881623607571E-122	1.5315812360586695E-122	1.1023221108004337E-122	6.8810148319891446E-123	3.5353532732064346E-123	1.3960521552678968E-123	3.8772696766502167E-124	6.7585087023302135E-125	6.3965428062857223E-126	2.7375941552686817E-127	4.2129868153111598E-129	1.7529768100643889E-131	1.3863595812829284E-134	1.3517498061624958E-138	9.5780113437309297E-144	2.595599704808243E-150	1.2388353016472836E-158	4.1000393397739429E-169	3.0848848325507421E-182	1.3980049739787603E-198	7.8966507910190233E-219	8.6480206074593658E-244	2.0561505936942912E-274	8.1496465891292577E-312	0	0	0
0	0	0	0	7.44157722393337E-287	1.8775051481890851E-249	7.8966507910190233E-219	7.210562572146872E-194	1.2765414867415692E-173	2.816859413141594E-157	3.7438138003173284E-144	1.1312010237645907E-133	2.3700850625244145E-125	8.7458407289898919E-119	1.2343051272201815E-113	1.2659078858729555E-109	1.6006721470914352E-106	3.8469480101589716E-104	2.4997425460625054E-102	5.8407891358948199E-101	6.1713061881849359E-100	3.5403991328032768E-99	1.2747583356463282E-98	3.22818960414098E-98	6.283168563355672E-98	1.0065485691259557E-97	1.3985121831000925E-97	1.7533556011802881E-97	2.0431555365199173E-97	2.2617804426773833E-97	2.4167241637056897E-97	2.521087244708298E-97	2.5883912589952531E-97	2.6301232249633994E-97	2.6550420383591802E-97	2.6693640659677098E-97	2.6772691835371565E-97	2.6814429018991333E-97	2.6835389112157287E-97	2.6845325456848788E-97	2.6849727966900304E-97	2.6851527367361078E-97	2.6852194047168611E-97	2.6852412663345989E-97	2.6852474001748775E-97	2.6852488009713133E-97	2.6852490418131715E-97	2.6852490691526454E-97	2.6852490707558084E-97	2.6852490707840724E-97	2.6852490707841E-97	2.6852490707840724E-97	2.6852490707558084E-97	2.6852490691526454E-97	2.6852490418131715E-97	2.6852488009713133E-97	2.6852474001748775E-97	2.6852412663345989E-97	2.6852194047168611E-97	2.6851527367361078E-97	2.6849727966900304E-97	2.6845325456848788E-97	2.6835389112157287E-97	2.6814429018991333E-97	2.6772691835371565E-97	2.6693640659677098E-97	2.6550420383591802E-97	2.6301232249633994E-97	2.5883912589952531E-97	2.521087244708298E-97	2.4167241637056897E-97	2.2617804426773833E-97	2.0431555365199173E-97	1.7533556011802881E-97	1.3985121831000925E-97	1.0065485691259557E-97	6.283168563355672E-98	3.22818960414098E-98	1.2747583356463282E-98	3.5403991328032768E-99	6.1713061881849359E-100	5.8407891358948199E-101	2.4997425460625054E-102	3.8469480101589716E-104	1.6006721470914352E-106	1.2659078858729555E-109	1.2343051272201815E-113	8.7458407289898919E-119	2.3700850625244145E-125	1.1312010237645907E-133	3.7438138003173284E-144	2.816859413141594E-157	1.2765414867415692E-173	7.210562572146872E-194	7.8966507910190233E-219	1.8775051481890851E-249	7.44157722393337E-287	0	0	0
0	0	0	4.3407847552666855E-312	1.3174397917073657E-266	3.3238921224986302E-229	1.3980049739787603E-198	1.2765414867415692E-173	2.2599598173755133E-153	4.9869034034651334E-137	6.6279622247529401E-124	2.0026523897844655E-113	4.1959443235482319E-105	1.5483436160884225E-98	2.1851855336237109E-93	2.2411343338901175E-89	2.8337933163868808E-86	6.8105486682486645E-84	4.4254869634557388E-82	1.0340399341488867E-80	1.0925539162553123E-79	6.2678415552555586E-79	2.2568029675077979E-78	5.7151129548090756E-78	1.1123577750086494E-77	1.7819705384334254E-77	2.4758939452754058E-77	3.104100607299677E-77	3.6171557768714386E-77	4.0042043045730619E-77	4.2785131203189796E-77	4.4632751291788986E-77	4.5824286149185907E-77	4.6563099318735378E-77	4.7004256285085846E-77	4.7257810182352741E-77	4.7397760573657143E-77	4.7471651127823053E-77	4.7508758396811545E-77	4.752634947392703E-77	4.7534143576911817E-77	4.7537329194284189E-77	4.7538509468949543E-77	4.7538896502024017E-77	4.7539005094127763E-77	4.7539029893507103E-77	4.7539034157316203E-77	4.7539034641327997E-77	4.753903466971002E-77	4.7539034670210403E-77	4.7539034670210894E-77	4.7539034670210403E-77	4.753903466971002E-77	4.7539034641327997E-77	4.7539034157316203E-77	4.7539029893507103E-77	4.7539005094127763E-77	4.7538896502024017E-77	4.7538509468949543E-77	4.7537329194284189E-77	4.7534143576911817E-77	4.752634947392703E-77	4.7508758396811545E-77	4.7471651127823053E-77	4.7397760573657143E-77	4.7257810182352741E-77	4.7004256285085846E-77	4.6563099318735378E-77	4.5824286149185907E-77	4.4632751291788986E-77	4.2785131203189796E-77	4.0042043045730619E-77	3.6171557768714386E-77	3.104100607299677E-77	2.4758939452754058E-77	1.7819705384334254E-77	1.1123577750086494E-77	5.7151129548090756E-78	2.2568029675077979E-78	6.2678415552555586E-79	1.0925539162553123E-79	1.0340399341488867E-80	4.4254869634557388E-82	6.8105486682486645E-84	2.8337933163868808E-86	2.2411343338901175E-89	2.1851855336237109E-93	1.5483436160884225E-98	4.1959443235482319E-105	2.0026523897844655E-113	6.6279622247529401E-124	4.9869034034651334E-137	2.2599598173755133E-153	1.2765414867415692E-173	1.3980049739787603E-198	3.3238921224986302E-229	1.3174397917073657E-266	4.3407847552666855E-312	0	0
0	0	0	9.5785217521607568E-296	2.9071069895196288E-250	7.3346122400038755E-213	3.0848848325507421E-182	2.816859413141594E-157	4.9869034034651334E-137	1.1004268909689151E-120	1.4625484542925708E-107	4.4191201727522997E-97	9.2589119801929817E-89	3.4166271406417121E-82	4.8219039520295009E-77	4.9453624579388443E-73	6.2531437176691823E-70	1.5028385935018964E-67	9.7654284958381428E-66	2.2817473245671955E-64	2.4108662470689696E-63	1.3830830151919677E-62	4.9799373922871907E-62	1.2611160617281627E-61	2.4545661083936937E-61	3.9321561713907538E-61	5.4633909184505913E-61	6.8496128843643176E-61	7.9817376910230686E-61	8.8358120003366295E-61	9.441111066420207E-61	9.8488131342758176E-61	1.0111741226625732E-60	1.0274770227470082E-60	1.0372117408603168E-60	1.0428067465038709E-60	1.0458949389458175E-60	1.0475254327856673E-60	1.0483442542735065E-60	1.0487324249023087E-60	1.0489044122022727E-60	1.0489747071074931E-60	1.0490007514455403E-60	1.0490092918476373E-60	1.0490116880775507E-60	1.0490122353090027E-60	1.0490123293956497E-60	1.0490123400760166E-60	1.0490123407023041E-60	1.0490123407133457E-60	1.0490123407133565E-60	1.0490123407133457E-60	1.0490123407023041E-60	1.0490123400760166E-60	1.0490123293956497E-60	1.0490122353090027E-60	1.0490116880775507E-60	1.0490092918476373E-60	1.0490007514455403E-60	1.0489747071074931E-60	1.0489044122022727E-60	1.0487324249023087E-60	1.0483442542735065E-60	1.0475254327856673E-60	1.0458949389458175E-60	1.0428067465038709E-60	1.0372117408603168E-60	1.0274770227470082E-60	1.0111741226625732E-60	9.8488131342758176E-61	9.441111066420207E-61	8.8358120003366295E-61	7.9817376910230686E-61	6.8496128843643176E-61	5.4633909184505913E-61	3.9321561713907538E-61	2.4545661083936937E-61	1.2611160617281627E-61	4.9799373922871907E-62	1.3830830151919677E-62	2.4108662470689696E-63	2.2817473245671955E-64	9.7654284958381428E-66	1.5028385935018964E-67	6.2531437176691823E-70	4.9453624579388443E-73	4.8219039520295009E-77	3.4166271406417121E-82	9.2589119801929817E-89	4.4191201727522997E-97	1.4625484542925708E-107	1.1004268909689151E-120	4.9869034034651334E-137	2.816859413141594E-157	3.0848848325507421E-182	7.3346122400038755E-213	2.9071069895196288E-250	9.5785217521607568E-296	0	0
0	0	0	1.2730561473916406E-282	3.8637594817783917E-237	9.7482403260863812E-200	4.1000393397739429E-169	3.7438138003173284E-144	6.6279622247529401E-124	1.4625484542925708E-107	1.9438347051571753E-94	5.8733364579097396E-84	1.230577652745196E-75	4.5409493210764667E-69	6.4086657911263262E-64	6.5727512460246478E-60	8.3108889411942823E-57	1.9973832700890516E-54	1.2978974313793056E-52	3.0326103896767E-51	3.204218955474849E-50	1.8382192789256924E-49	6.618703882409166E-49	1.6761162071748759E-48	3.2622992924402608E-48	5.2261254043336472E-48	7.2612492556779014E-48	9.1036404314955049E-48	1.0608317752300639E-47	1.1743445466089695E-47	1.2547932543559961E-47	1.3089798644840971E-47	1.3439249460894614E-47	1.3655927020436824E-47	1.3785308599953275E-47	1.3859670349224353E-47	1.3900714703189112E-47	1.3922385168212975E-47	1.3933267909367421E-47	1.3938426983157926E-47	1.3940712821152115E-47	1.394164709225925E-47	1.3941993240710061E-47	1.394210674894935E-47	1.3942138596611243E-47	1.3942145869720621E-47	1.3942147120201514E-47	1.3942147262151465E-47	1.3942147270475286E-47	1.3942147270622037E-47	1.394214727062218E-47	1.3942147270622037E-47	1.3942147270475286E-47	1.3942147262151465E-47	1.3942147120201514E-47	1.3942145869720621E-47	1.3942138596611243E-47	1.394210674894935E-47	1.3941993240710061E-47	1.394164709225925E-47	1.3940712821152115E-47	1.3938426983157926E-47	1.3933267909367421E-47	1.3922385168212975E-47	1.3900714703189112E-47	1.3859670349224353E-47	1.3785308599953275E-47	1.3655927020436824E-47	1.3439249460894614E-47	1.3089798644840971E-47	1.2547932543559961E-47	1.1743445466089695E-47	1.0608317752300639E-47	9.1036404314955049E-48	7.2612492556779014E-48	5.2261254043336472E-48	3.2622992924402608E-48	1.6761162071748759E-48	6.618703882409166E-49	1.8382192789256924E-49	3.204218955474849E-50	3.0326103896767E-51	1.2978974313793056E-52	1.9973832700890516E-54	8.3108889411942823E-57	6.5727512460246478E-60	6.4086657911263262E-64	4.5409493210764667E-69	1.230577652745196E-75	5.8733364579097396E-84	1.9438347051571753E-94	1.4625484542925708E-107	6.6279622247529401E-124	3.7438138003173284E-144	4.1000393397739429E-169	9.7482403260863812E-200	3.8637594817783917E-237	1.2730561473916406E-282	0	0
0	0	0	3.8465652782121992E-272	1.1674428576008236E-226	2.9454508223238843E-189	1.2388353016472836E-158	1.1312010237645907E-133	2.0026523897844655E-113	4.4191201727522997E-97	5.8733364579097396E-84	1.7746406654995097E-73	3.7182156347871871E-65	1.3720571574444832E-58	1.9363915222687459E-53	1.9859702792438199E-49	2.5111521512837864E-46	6.0351345459100807E-44	3.9216237276363977E-42	9.1630945352855045E-41	9.681613339028322E-40	5.5542172798452204E-39	1.9998549626429894E-38	5.0644195214621356E-38	9.8571042692404427E-38	1.5790845172917703E-37	2.1940013659697751E-37	2.7506836411628068E-37	3.2053249819222911E-37	3.5483061504389794E-37	3.7913835720678569E-37	3.9551095267241627E-37	4.0606968080258521E-37	4.1261663773618556E-37	4.1652592871622529E-37	4.1877278423284412E-37	4.2001294781204671E-37	4.2066772536050191E-37	4.2099654961811415E-37	4.211524320915694E-37	4.2122149915572112E-37	4.2124972834897797E-37	4.2126018729546448E-37	4.2126361697021168E-37	4.2126457925385229E-37	4.2126479901234496E-37	4.2126483679588178E-37	4.2126484108492862E-37	4.2126484133643461E-37	4.2126484134086872E-37	4.2126484134087307E-37	4.2126484134086872E-37	4.2126484133643461E-37	4.2126484108492862E-37	4.2126483679588178E-37	4.2126479901234496E-37	4.2126457925385229E-37	4.2126361697021168E-37	4.2126018729546448E-37	4.2124972834897797E-37	4.2122149915572112E-37	4.211524320915694E-37	4.2099654961811415E-37	4.2066772536050191E-37	4.2001294781204671E-37	4.1877278423284412E-37	4.1652592871622529E-37	4.1261663773618556E-37	4.0606968080258521E-37	3.9551095267241627E-37	3.7913835720678569E-37	3.5483061504389794E-37	3.2053249819222911E-37	2.7506836411628068E-37	2.1940013659697751E-37	1.5790845172917703E-37	9.8571042692404427E-38	5.0644195214621356E-38	1.9998549626429894E-38	5.5542172798452204E-39	9.681613339028322E-40	9.1630945352855045E-41	3.9216237276363977E-42	6.0351345459100807E-44	2.5111521512837864E-46	1.9859702792438199E-49	1.9363915222687459E-53	1.3720571574444832E-58	3.7182156347871871E-65	1.7746406654995097E-73	5.8733364579097396E-84	4.4191201727522997E-97	2.0026523897844655E-113	1.1312010237645907E-133	1.2388353016472836E-158	2.9454508223238843E-189	1.1674428576008236E-226	3.8465652782121992E-272	0	0
0	0	6.7269508009514923E-319	8.0592986714031087E-264	2.4460187181781975E-218	6.1712894965014362E-181	2.595599704808243E-150	2.3700850625244145E-125	4.1959443235482319E-105	9.2589119801929817E-89	1.230577652745196E-75	3.7182156347871871E-65	7.7903813293292889E-57	2.8747252747055641E-50	4.0571149828477778E-45	4.1609920735297649E-41	5.261349732231431E-38	1.2644774834082226E-35	8.2165606487698796E-34	1.9198456355975469E-32	2.0284853597112185E-31	1.1637160091286866E-30	4.1900831723096592E-30	1.0610938998471384E-29	2.0652541058108349E-29	3.3084876589323606E-29	4.5968574598154428E-29	5.7632145592956512E-29	6.7157761534799634E-29	7.434388077577497E-29	7.943682317890566E-29	8.2867198782589803E-29	8.5079456665568671E-29	8.6451170844333942E-29	8.7270242959917686E-29	8.7741002673329795E-29	8.8000840943664167E-29	8.8138029511767256E-29	8.8206924557368321E-29	8.8239584952301155E-29	8.8254055838873883E-29	8.825997040117178E-29	8.8262161752869378E-29	8.8262880336102319E-29	8.8263081953147791E-29	8.8263127996804925E-29	8.8263135913187099E-29	8.8263136811825432E-29	8.826313686452079E-29	8.8263136865449829E-29	8.8263136865450737E-29	8.8263136865449829E-29	8.826313686452079E-29	8.8263136811825432E-29	8.8263135913187099E-29	8.8263127996804925E-29	8.8263081953147791E-29	8.8262880336102319E-29	8.8262161752869378E-29	8.825997040117178E-29	8.8254055838873883E-29	8.8239584952301155E-29	8.8206924557368321E-29	8.8138029511767256E-29	8.8000840943664167E-29	8.7741002673329795E-29	8.7270242959917686E-29	8.6451170844333942E-29	8.5079456665568671E-29	8.2867198782589803E-29	7.943682317890566E-29	7.434388077577497E-29	6.7157761534799634E-29	5.7632145592956512E-29	4.5968574598154428E-29	3.3084876589323606E-29	2.0652541058108349E-29	1.0610938998471384E-29	4.1900831723096592E-30	1.1637160091286866E-30	2.0284853597112185E-31	1.9198456355975469E-32	8.2165606487698796E-34	1.2644774834082226E-35	5.261349732231431E-38	4.1609920735297649E-41	4.0571149828477778E-45	2.8747252747055641E-50	7.7903813293292889E-57	3.7182156347871871E-65	1.230577652745196E-75	9.2589119801929817E-89	4.1959443235482319E-105	2.3700850625244145E-125	2.595599704808243E-150	6.1712894965014362E-181	2.4460187181781975E-218	8.0592986714031087E-264	6.7269508009514923E-319	0
0	0	2.4823121062400384E-312	2.9739583478230269E-257	9.0260431862006898E-212	2.2772648915563473E-174	9.5780113437309297E-144	8.7458407289898919E-119	1.5483436160884225E-98	3.4166271406417121E-82	4.5409493210764667E-69	1.3720571574444832E-58	2.8747252747055641E-50	1.0608011412635781E-43	1.4971142605907931E-38	1.5354459012926609E-34	1.9414884092218402E-31	4.6660429408821499E-29	3.0319895226750743E-27	7.0844141498020816E-26	7.4853051300302593E-25	4.2942234565939341E-24	1.5461807951824722E-23	3.9155380510610803E-23	7.6209853223898528E-23	1.2208636127190896E-22	1.6962844006363919E-22	2.1266813339142007E-22	2.478185679433989E-22	2.7433603574860876E-22	2.9312948067765174E-22	3.0578789498725422E-22	3.1395133831758669E-22	3.190130949282968E-22	3.2203554943076192E-22	3.237726978311412E-22	3.247315259186109E-22	3.2523776486565941E-22	3.2549199417808825E-22	3.2561251416141922E-22	3.2566591311792651E-22	3.2568773841890709E-22	3.2569582471641236E-22	3.2569847635731975E-22	3.2569922034351499E-22	3.2569939024901674E-22	3.2569941946122469E-22	3.2569942277728611E-22	3.2569942297173705E-22	3.2569942297516526E-22	3.2569942297516865E-22	3.2569942297516526E-22	3.2569942297173705E-22	3.2569942277728611E-22	3.2569941946122469E-22	3.2569939024901674E-22	3.2569922034351499E-22	3.2569847635731975E-22	3.2569582471641236E-22	3.2568773841890709E-22	3.2566591311792651E-22	3.2561251416141922E-22	3.2549199417808825E-22	3.2523776486565941E-22	3.247315259186109E-22	3.237726978311412E-22	3.2203554943076192E-22	3.190130949282968E-22	3.1395133831758669E-22	3.0578789498725422E-22	2.9312948067765174E-22	2.7433603574860876E-22	2.478185679433989E-22	2.1266813339142007E-22	1.6962844006363919E-22	1.2208636127190896E-22	7.6209853223898528E-23	3.9155380510610803E-23	1.5461807951824722E-23	4.2942234565939341E-24	7.4853051300302593E-25	7.0844141498020816E-26	3.0319895226750743E-27	4.6660429408821499E-29	1.9414884092218402E-31	1.5354459012926609E-34	1.4971142605907931E-38	1.0608011412635781E-43	2.8747252747055641E-50	1.3720571574444832E-58	4.5409493210764667E-69	3.4166271406417121E-82	1.5483436160884225E-98	8.7458407289898919E-119	9.5780113437309297E-144	2.2772648915563473E-174	9.0260431862006898E-212	2.9739583478230269E-257	2.4823121062400384E-312	0
0	0	3.5033002029611993E-307	4.1971631437212105E-252	1.273850248188206E-206	3.2139159845083873E-169	1.3517498061624958E-138	1.2343051272201815E-113	2.1851855336237109E-93	4.8219039520295009E-77	6.4086657911263262E-64	1.9363915222687459E-53	4.0571149828477778E-45	1.4971142605907931E-38	2.1128852732893193E-33	2.1669829205243631E-29	2.7400328592741754E-26	6.5852110783013873E-24	4.2790628476811361E-22	9.998271154729622E-21	1.0564050715191746E-19	6.0604602738006132E-19	2.1821331330413125E-18	5.5260195583376416E-18	1.0755536888198018E-17	1.7230112730280294E-17	2.3939751452241782E-17	3.0013966132641047E-17	3.4974765549867091E-17	3.8717189804675912E-17	4.1369518626210148E-17	4.3156007331981969E-17	4.4308118406335426E-17	4.5022486793657031E-17	4.5449047395980428E-17	4.5694212068397025E-17	4.5829531983446886E-17	4.5900977753762521E-17	4.5936857271071862E-17	4.5953866320054984E-17	4.5961402543026285E-17	4.5964482759295725E-17	4.5965623982738998E-17	4.5965998210222545E-17	4.5966103209387727E-17	4.5966127188241047E-17	4.5966131310975396E-17	4.5966131778972903E-17	4.596613180641587E-17	4.5966131806899695E-17	4.5966131806900169E-17	4.5966131806899695E-17	4.596613180641587E-17	4.5966131778972903E-17	4.5966131310975396E-17	4.5966127188241047E-17	4.5966103209387727E-17	4.5965998210222545E-17	4.5965623982738998E-17	4.5964482759295725E-17	4.5961402543026285E-17	4.5953866320054984E-17	4.5936857271071862E-17	4.5900977753762521E-17	4.5829531983446886E-17	4.5694212068397025E-17	4.5449047395980428E-17	4.5022486793657031E-17	4.4308118406335426E-17	4.3156007331981969E-17	4.1369518626210148E-17	3.8717189804675912E-17	3.4974765549867091E-17	3.0013966132641047E-17	2.3939751452241782E-17	1.7230112730280294E-17	1.0755536888198018E-17	5.5260195583376416E-18	2.1821331330413125E-18	6.0604602738006132E-19	1.0564050715191746E-19	9.998271154729622E-21	4.2790628476811361E-22	6.5852110783013873E-24	2.7400328592741754E-26	2.1669829205243631E-29	2.1128852732893193E-33	1.4971142605907931E-38	4.0571149828477778E-45	1.9363915222687459E-53	6.4086657911263262E-64	4.8219039520295009E-77	2.1851855336237109E-93	1.2343051272201815E-113	1.3517498061624958E-138	3.2139159845083873E-169	1.273850248188206E-206	4.1971631437212105E-252	3.5033002029611993E-307	0
0	0	3.592997594927592E-303	4.3046259832834725E-248	1.3064655076289027E-202	3.2962040743403215E-165	1.3863595812829284E-134	1.2659078858729555E-109	2.2411343338901175E-89	4.9453624579388443E-73	6.5727512460246478E-60	1.9859702792438199E-49	4.1609920735297649E-41	1.5354459012926609E-34	2.1669829205243631E-29	2.2224656668338162E-25	2.8101877952318107E-22	6.7538167429751021E-20	4.3886226213976033E-18	1.0254263731670078E-16	1.0834529333310874E-15	6.2156303846053782E-15	2.2380037806072318E-14	5.6675060178534991E-14	1.1030918257814655E-13	1.7671267094923877E-13	2.4552697287649977E-13	3.078243424233657E-13	3.5870248401096172E-13	3.9708492504573513E-13	4.2428730715582231E-13	4.4260960113958613E-13	4.5442569476394188E-13	4.6175228326289296E-13	4.6612710451556028E-13	4.6864152242816005E-13	4.7002936846233381E-13	4.7076211891487806E-13	4.7113010056626681E-13	4.7130454599928081E-13	4.7138183777972216E-13	4.7141342859126205E-13	4.7142513302094094E-13	4.7142897111179942E-13	4.7143004798710583E-13	4.7143029391510887E-13	4.7143033619802431E-13	4.7143034099782393E-13	4.7143034127928001E-13	4.7143034128424218E-13	4.7143034128424703E-13	4.7143034128424218E-13	4.7143034127928001E-13	4.7143034099782393E-13	4.7143033619802431E-13	4.7143029391510887E-13	4.7143004798710583E-13	4.7142897111179942E-13	4.7142513302094094E-13	4.7141342859126205E-13	4.7138183777972216E-13	4.7130454599928081E-13	4.7113010056626681E-13	4.7076211891487806E-13	4.7002936846233381E-13	4.6864152242816005E-13	4.6612710451556028E-13	4.6175228326289296E-13	4.5442569476394188E-13	4.4260960113958613E-13	4.2428730715582231E-13	3.9708492504573513E-13	3.5870248401096172E-13	3.078243424233657E-13	2.4552697287649977E-13	1.7671267094923877E-13	1.1030918257814655E-13	5.6675060178534991E-14	2.2380037806072318E-14	6.2156303846053782E-15	1.0834529333310874E-15	1.0254263731670078E-16	4.3886226213976033E-18	6.7538167429751021E-20	2.8101877952318107E-22	2.2224656668338162E-25	2.1669829205243631E-29	1.5354459012926609E-34	4.1609920735297649E-41	1.9859702792438199E-49	6.5727512460246478E-60	4.9453624579388443E-73	2.2411343338901175E-89	1.2659078858729555E-109	1.3863595812829284E-134	3.2962040743403215E-165	1.3064655076289027E-202	4.3046259832834725E-248	3.592997594927592E-303	0
0	0	4.5431513927264488E-300	5.4429670531173509E-245	1.6519550691914476E-199	4.1678720164441443E-162	1.7529768100643889E-131	1.6006721470914352E-106	2.8337933163868808E-86	6.2531437176691823E-70	8.3108889411942823E-57	2.5111521512837864E-46	5.261349732231431E-38	1.9414884092218402E-31	2.7400328592741754E-26	2.8101877952318107E-22	3.5533306823678952E-19	8.539836482324418E-17	5.5491762651611586E-15	1.2965962632340715E-13	1.3699677144136474E-12	7.8593289008482717E-12	2.8298349008490513E-11	7.1662552445475677E-11	1.3948000331754246E-10	2.2344362775773687E-10	3.1045559572612474E-10	3.8922725469400158E-10	4.5355991668613372E-10	5.020924402507329E-10	5.3648838316574893E-10	5.5965593427900197E-10	5.7459674645262091E-10	5.8386082188365778E-10	5.8939254706350309E-10	5.925718927044941E-10	5.9432674905395214E-10	5.9525327242365809E-10	5.9571856534630434E-10	5.959391421741516E-10	5.960368734558129E-10	5.9607681833071289E-10	5.9609161794985863E-10	5.9609647100844497E-10	5.9609783265910545E-10	5.9609814362178221E-10	5.9609819708624501E-10	5.9609820315533244E-10	5.9609820351121842E-10	5.9609820351749269E-10	5.9609820351749889E-10	5.9609820351749269E-10	5.9609820351121842E-10	5.9609820315533244E-10	5.9609819708624501E-10	5.9609814362178221E-10	5.9609783265910545E-10	5.9609647100844497E-10	5.9609161794985863E-10	5.9607681833071289E-10	5.960368734558129E-10	5.959391421741516E-10	5.9571856534630434E-10	5.9525327242365809E-10	5.9432674905395214E-10	5.925718927044941E-10	5.8939254706350309E-10	5.8386082188365778E-10	5.7459674645262091E-10	5.5965593427900197E-10	5.3648838316574893E-10	5.020924402507329E-10	4.5355991668613372E-10	3.8922725469400158E-10	3.1045559572612474E-10	2.2344362775773687E-10	1.3948000331754246E-10	7.1662552445475677E-11	2.8298349008490513E-11	7.8593289008482717E-12	1.3699677144136474E-12	1.2965962632340715E-13	5.5491762651611586E-15	8.539836482324418E-17	3.5533306823678952E-19	2.8101877952318107E-22	2.7400328592741754E-26	1.9414884092218402E-31	5.261349732231431E-38	2.5111521512837864E-46	8.3108889411942823E-57	6.2531437176691823E-70	2.8337933163868808E-86	1.6006721470914352E-106	1.7529768100643889E-131	4.1678720164441443E-162	1.6519550691914476E-199	5.4429670531173509E-245	4.5431513927264488E-300	0
0	0	1.0918705146371001E-297	1.3081261713960809E-242	3.9701979433112794E-197	1.0016783880066588E-159	4.2129868153111598E-129	3.8469480101589716E-104	6.8105486682486645E-84	1.5028385935018964E-67	1.9973832700890516E-54	6.0351345459100807E-44	1.2644774834082226E-35	4.6660429408821499E-29	6.5852110783013873E-24	6.7538167429751021E-20	8.539836482324418E-17	2.0524069855564424E-14	1.3336517806018702E-12	3.1161524387685517E-11	3.2924884602521706E-10	1.8888583606106861E-09	6.8010352780117531E-09	1.7222896895780608E-08	3.3521687885578985E-08	5.370094186665611E-08	7.4612814272522681E-08	9.3544266117550947E-08	1.0900554633589945E-07	1.2066952732626543E-07	1.2893601740013214E-07	1.3450395114704789E-07	1.3809472567048185E-07	1.4032119138428514E-07	1.4165064908816411E-07	1.4241475168153046E-07	1.4283650207894502E-07	1.4305917648731355E-07	1.4317100186555653E-07	1.4322401381997308E-07	1.4324750190028986E-07	1.4325710198343566E-07	1.4326065882457438E-07	1.4326182517610403E-07	1.4326215242608513E-07	1.4326222716076784E-07	1.4326224001005801E-07	1.4326224146866174E-07	1.4326224155419299E-07	1.4326224155570092E-07	1.432622415557024E-07	1.4326224155570092E-07	1.4326224155419299E-07	1.4326224146866174E-07	1.4326224001005801E-07	1.4326222716076784E-07	1.4326215242608513E-07	1.4326182517610403E-07	1.4326065882457438E-07	1.4325710198343566E-07	1.4324750190028986E-07	1.4322401381997308E-07	1.4317100186555653E-07	1.4305917648731355E-07	1.4283650207894502E-07	1.4241475168153046E-07	1.4165064908816411E-07	1.4032119138428514E-07	1.3809472567048185E-07	1.3450395114704789E-07	1.2893601740013214E-07	1.2066952732626543E-07	1.0900554633589945E-07	9.3544266117550947E-08	7.4612814272522681E-08	5.370094186665611E-08	3.3521687885578985E-08	1.7222896895780608E-08	6.8010352780117531E-09	1.8888583606106861E-09	3.2924884602521706E-10	3.1161524387685517E-11	1.3336517806018702E-12	2.0524069855564424E-14	8.539836482324418E-17	6.7538167429751021E-20	6.5852110783013873E-24	4.6660429408821499E-29	1.2644774834082226E-35	6.0351345459100807E-44	1.9973832700890516E-54	1.5028385935018964E-67	6.8105486682486645E-84	3.8469480101589716E-104	4.2129868153111598E-129	1.0016783880066588E-159	3.9701979433112794E-197	1.3081261713960809E-242	1.0918705146371001E-297	0
0	0	7.0949624820033192E-296	8.5001893387207691E-241	2.5798302157909698E-195	6.508895044485092E-158	2.7375941552686817E-127	2.4997425460625054E-102	4.4254869634557388E-82	9.7654284958381428E-66	1.2978974313793056E-52	3.9216237276363977E-42	8.2165606487698796E-34	3.0319895226750743E-27	4.2790628476811361E-22	4.3886226213976033E-18	5.5491762651611586E-15	1.3336517806018702E-12	8.6660544639508846E-11	2.024872395113104E-09	2.1394553461022904E-08	1.2273780656862291E-07	4.4193051730417007E-07	1.1191419281762407E-06	2.178235557177366E-06	3.4894812405370214E-06	4.8483323878031106E-06	6.0784960268951564E-06	7.0831682989491582E-06	7.8410924887506534E-06	8.3782480959925127E-06	8.7400518127068275E-06	8.9733799425864464E-06	9.1180554374838557E-06	9.2044434514835437E-06	9.2540947531686832E-06	9.281500047169326E-06	9.2959694055034699E-06	9.3032358061666789E-06	9.3066805170791998E-06	9.3082067699305042E-06	9.3088305822675022E-06	9.3090617054098096E-06	9.3091374948027172E-06	9.3091587594701564E-06	9.3091636157215437E-06	9.3091644506669903E-06	9.309164545446899E-06	9.3091645510047108E-06	9.3091645511026955E-06	9.3091645511027921E-06	9.3091645511026955E-06	9.3091645510047108E-06	9.309164545446899E-06	9.3091644506669903E-06	9.3091636157215437E-06	9.3091587594701564E-06	9.3091374948027172E-06	9.3090617054098096E-06	9.3088305822675022E-06	9.3082067699305042E-06	9.3066805170791998E-06	9.3032358061666789E-06	9.2959694055034699E-06	9.281500047169326E-06	9.2540947531686832E-06	9.2044434514835437E-06	9.1180554374838557E-06	8.9733799425864464E-06	8.7400518127068275E-06	8.3782480959925127E-06	7.8410924887506534E-06	7.0831682989491582E-06	6.0784960268951564E-06	4.8483323878031106E-06	3.4894812405370214E-06	2.178235557177366E-06	1.1191419281762407E-06	4.4193051730417007E-07	1.2273780656862291E-07	2.1394553461022904E-08	2.024872395113104E-09	8.6660544639508846E-11	1.3336517806018702E-12	5.5491762651611586E-15	4.3886226213976033E-18	4.2790628476811361E-22	3.0319895226750743E-27	8.2165606487698796E-34	3.9216237276363977E-42	1.2978974313793056E-52	9.7654284958381428E-66	4.4254869634557388E-82	2.4997425460625054E-102	2.7375941552686817E-127	6.508895044485092E-158	2.5798302157909698E-195	8.5001893387207691E-241	7.0949624820033192E-296	0
